1	1247494	T	48	TCCTTTcctcTTTTCTcTTtcttCccctcCTttTTcTTCctTCTctTT	B@DFEFBBGBGGGGDGBGCGB<GDBCCHCDFHHGGBFGCCGFBFCHGC	T	29	C	19	20	7	9	12	0.03941
1	1335790	A	44	ggaaagaagaaagagggaaaaaaaGGggaggggaaGGgAGaaGG	CCEEDECDEDDDF<FFFDDDDDDCFHGFEGGGGE<DH;DFEEFB	A	22	G	22	1	7	21	15	0.04595
1	1560856	T	40	ttttCttCTCtTCCtCTtCtttttttTTtTTTtTTTTtTT	AAEE:EE8?:ED@8D=>??DFFBE=EFF9FEEAECDE>AC	T	33	C	7	14	7	19	0	0.00894
1	9324571	T	202	TtccttTtTtttTCcccttctttCTTCtCtctCtTtccccCtttcCccccccccctccttcCtccCCCCTttctCTTttcctctccttTTttcccCctcTtCTCtcctCttTcttTcccTccCCCtcctcttccTTTcTcTtCctcCtctTtccTcccTTccTtTTTCCTTCTTCTtctcTTtCTcTtTTtTTtTcctTCcc	DC?C?B=BADCEEE8BAFFAGGGGGGFGFGBGCGFGBBBBGGGGAGBBBBBBBBBGBBGGBGGBBFGFHFGGBGGDGGGB>GBHBBGHGGGGACBCBHCGHCGGH?BEGHHGCGHF=CCECBGGGHC@ECHHCBGGECGCGHDCHC;HCHFHCCFC>CFFCCFHDFFFFFFFFFFFHCHAFFHFFCDHFFHEFHGB?CCA=<	T	105	C	97	45	28	60	69	0.04151
1	11718859	C	80	tttTCCCTTcTCttcCtCTTcTctTCcttCtCCTctCTCtcCCTCcCCCTcCtCcTtCCtcctccCttcttCtctCcttc	C?C=AA:DCBFGGGBGGGFFBGBGGG<GGGC?GGBFGG8HCFFF<CGGGFCGHGAGHGFBC@FCCGEFCIHFHBHFCB<;	C	43	T	37	25	13	18	24	0.04647
1	11938210	G	44	ggggGGGgGAagAAGgAgAGAAAAAgAgagggagGGAAgaaggG	GEFEEEEEEFDEFFEGFFEEFFF?EGEDEGF@EFDDEDG>EFED	G	26	A	18	9	13	17	5	0.03054
1	15541607	T	82	cccTCCCtTcTcCttcTCcCcCTCTCTCTCTCTCTCCCTCTCTTTtTCcTcCTCcCcTCctTcCCcCtTTTCccTTcTcCcc	C?>FGGGGGBDBHGEBGGBCBGDGDGAGGGGGGGGGGG>GGGGGFHEFCECFFF?FCFFCHF?FDCCHFFFF?CFD@B=@<5	C	49	T	33	28	27	21	6	0.03023
1	19408380	T	57	cctccctTTtTTttttctcccTtcTcctcccctcttcttctTtctcttTtttccttt	ACB@CAEGFCGGECEEDEDDDAEDGDDEDDDDEDDDDE=DEFEDFEBFFF:FEEE7D	T	34	C	23	8	0	26	23	0.01633
1	19499835	G	159	CgggggggcccGcgcGgggccGggggggGcgcCggcCggGcCcggccgGCGcgGcgcccCCccGGgcCCggggggCgcggGgCcggGgcCCCccCcCgcggCgggGGcgCCcgGcggCCcgcCGggCCCGCcGgGcgCGGgcggGgggcGCCCccCgcC	>C>BBCCDFFEGHGHFFEEGGGFFFFFFHG=GGFFGG>FGGGGFFFGFHGHGFHGFGGFGGDGGHDGGGDFFFADGFHGGHGGGGGGGHGEFHHGHGGHEGGEEGGGGGFFHGDHGGFFEGHFGHFFFFBFHGGGHGFGGGGGGGGGGHFEFGGECB@C	G	86	C	73	23	32	63	41	0.02980
1	22157689	G	218	AaaAagGGGGgaAgaGgGgaaggaaaaaaAaAaGaagAAagGAgaaagggaAGaAaaGAaAGAGagaagaaagaaaaaaGaggagGGGGagggagGAGgaaGaAGaAAaaaAggAGgAGAGAgaGGAgGAGgagagGAAAAgaaaGaGaaGGgAaAagGAagggaaGGGagAAGGaGAGaAGGAGAgGAGGgagaaAagAaAGGAgGagGaGGaaaGa	8AA;BBCC@BAD=DGFE>FFEEF:FFFFECF;FHFFFECFCHCFFFFFFFF@FADFFHBFCHEHFFGFFFEFCFFFF6EHGGFGFGHHG@GGGGGHEFGEGGGECGEEGGEBBGCHFBHAHEF:FHDGF7FFFFGGGE9CDGGGFG9GGGGGGDGDFEGDGGDGFHGDFDGDDGG?FD8FDGBDGCFGDFFGGGGED;G@9DGHEEF=<CB@C>B:C9	A	119	G	99	42	54	77	45	0.00602
1	24201094	G	67	cgGgGgCgGcGCCCgGGgGgCCgGgCcCCgCcgcgCcggGgCgCGGggGCgCgGCCGCGCCCCcCCC	9<@CCCDCCBCDDDCCCCC?DDDC@DBCCDCC9CDDBDD@DCDCB<DEBCDCDBCCBCBCCBBBCD@	G	35	C	32	15	25	20	7	0.00567
1	26448849	T	197	CTttCttttCctTttcTCCTctTCCCcCTTtcTttctcCTCTtCCttCTCccCtctctcTCCttctTTtcCctctTTttTccctCtCTctCctCctcCctTcttctCTTTTtTcctttccttCctCcctTTtCcTCcctTCTtcCtcCTtCCtCctCtTCcttCttCctCtcTCCcCCtCTCTCtCccTCtCcTtct	DBC?@BBCED@HFGGAGGGGBGGGDDBGGFEBFGGBGBGGGFGGGGGGEG?BFGBGBG@BGGGGBGGCEBGCDBGG9HGFBCBGGGG>CHGCHBCHCGCHFCHHAHGGGGGHGCCGHH9CEEGCFGCCH=GHFCGFCCHFCGHCFHCFFHFFHFDIFFFFCHHDHHFCHFHCFFFBFFGFEFEEHF??BBB?=AC=C	T	100	C	97	36	50	64	47	0.03171
1	34052305	C	38	CctCctttttTtCcCCCtTCtCtTcttttttctccCtc	DCC>5HHGGGFGEBDGEGDGGFGDCHFHHHHCHCCEHC	T	21	C	17	3	9	18	8	0.01587
1	39748921	G	82	AAAGaAAAAGaGAagagAGAAGAGGAAGAGAaAaaGAAGGGGaAaGGGAGaGAaGAGAGAGgAAGGggGGaaGaaAaaaaaA	@DAGFFFFFGFFEFCG@E:F>GFGFFFGFGFGFGGG>EFFFFGEGFEFEFGFBGFEFEFEFDEEFEDDEFGGFGFEFDAAAA	A	49	G	33	29	28	20	5	0.01539
1	55119289	G	193	gGCCgcCGGGccGgcccCGCGGcCgCCCGCcCggcccGCGccgcCcGGCGgcgcgGGCCGcGcGCGCCCGGGcGGgCgggCGcCCCgccGGCGgGgCCggcccGCCccCGCCgccgcgCGGCGGGgGgcGcGGcGggcgGGGGcccCGGCGgccGGGcgggGCcGccccGGCggcgCCggcCGCGCGgGGgcc	CC?@AD@BEFGHFEFGGG>GHGGGFEFGHEGGFFGGGHHFGGFGHGHHGHFGDHFHHGGGGHGHGGFEGHHHGHEGEGGGGHHGGGGGFHHEHGHFGGGAHHHG=GFHFGFFGH?GDGFGGAGGGGGGHGHGGIGGFHGGGGGFHH@GDFGGHHGGGHGGGGFHGHGHHGFFGGHGFFGFHFGGGDD?C?<EE	G	99	C	94	61	44	38	50	0.04382
1	82433929	A	49	tatAAaAAAatAAattAtataTTaattaaattttttatatatttaattt	BCCBBGFFFEEFFFEEFEFEFDFGFFFGGGFFFFEFGFGFGEFFGGFFE	T	25	A	24	2	8	23	16	0.03743
1	150526406	C	38	tTTTTctTcccttTcTttTtcTTTTtCCcttccTTTTT	B?AFFDEEDDDEEFCFFFFFEFFFEFFEEFEEEEEEBD	T	27	C	11	17	2	10	9	0.02930
1	155003605	C	46	CTCCTCCCcTTTTTTCTTcCcccTCtTccTTTTTTTcctTcctCCt	9GDDGDCC=GGFGGGDGGHCHHFFCEFGHFFFFFFFGHEFHBAB?B	T	24	C	22	20	11	4	11	0.02684
1	156281020	G	71	cgGgGgGgggcgggGcGccCGGcGccGcGgGGgggcgcggGgcggGgCcGGcgcgcggcggcgcgcccggc	CCB@ACCCCECEEFGDGADGGGCFDDGDGEGGFGFDGEGGGGEFFGGG@GG@G@>EFFAGEEEEGECEFFB	G	46	C	25	16	2	30	23	0.02057
1	158263123	C	161	tctcccttTtcTTtctccCtccctccCCtccttccttTttTtTttccTTcccccttcccCCTcttTCttttcccCtctcTtttcccCTTtCtTcttTttcctccccctccttcctccctCtctctcTTttctctccCTTccctTtcctctTctCcTTtccc	AACCCD@@BADDD?E<EFBCGGGDGGDDDGGDDGGDDGDDGDG;DGGFGFGGGG;DGGGAAGGDDG@?DADGGCDDGDGGBDDGGGDGG99D>HDEFEEGHEHHHHHEHHEDGHDHB>BDAHAGEGDFEEHEDEFG@FFBGHEFEHHEHEFHCCFDDADC@	C	81	T	80	12	23	69	57	0.03672
1	159902526	T	42	ctttCtcCtCttctcCttctcCccCccCttccttctcctccc	??BDGF7GEGGGBGB6BGBGBGBBG6CGHHBCGHBHBAHCC>	C	25	T	17	7	0	18	17	0.03001
1	177917479	G	66	GAGGAAGAaGAAGGAAAAAAGAGGAGaGGGAGGAGAGaAGGaAAGGgGGagGaGAaGGGGGGaGGA	?BGGFFGEEDFFGFFFEEEEGFGGFGFGGFFGGEFEFEEFFDDEFEGFFCFFFFEEEEEFCC:?AC	G	36	A	30	34	22	2	8	0.03465
1	203465396	T	55	cctttCtcCtcttCttctCtCtctTccCcttCtccCctttcccccttttctcctt	?=BC8>D@DGBGGDGGBGDEDGBDGBBDCGHCFCADCGHHCBC=CCCHHAHCCD>	C	28	T	27	8	1	20	26	0.02480
1	241755348	C	124	CCCCCTTTCCCCTTTCCtTTTTTtCCTccCccTCCTCCCTTcCtCCccCTcccCTccCCCctCCCTcTccCtTcccCTccTcctCCtTccCCcTCTcTTCcTTcTTcCCCCtctcctTcCcTtc	8>CDCGDGDDCDGGGCDGGGGGGGDDGAADBBGDDGDDDGFCDHCDC<DFCCCDGBCDCDBGDDDFCGB@CGFCCCCFCCFC@HCCHFCCCC>FCFCFFCCFF>FFCCCBC>CDABGFBB7DA@	C	79	T	45	43	34	36	11	0.02197
1	247365430	A	88	gGaGAggGggaggggAgAAAAgaGaaAAaGAaAaaggaGagggaAaGgaAGgagAGAAaaggAAGAaAaggggaAaAaaaAgaAaggA	>BCEEDFGEBEFFFEFEGF?<EDGEEFFEFFEEFEEFFGFFGEEFFGGEFEFFEFGFF<FFFFDGFFEFFFFFEEDEFEFEGFEE>ED	A	50	G	38	24	10	26	28	0.04804
1	247419664	C	253	CtcttctCCtttttCtctttCCCttTTTcCTTctttcCCtcCTTCtctccTCttTCCtttcCtcccccCttctcTcctTcctcttTCcCccTCctTCTCTTtctTcTCCtctcTCctttctCTCtcCTtCcccCttcCCttcttctCCttccCTcCctcTCttCctCTttctCtcCtttccctccttttTtcccctCtttcTCcttctccccctcCcCTcCctCccctcctTccCtCCcTtccctctctctct	AA??BBA>5BAACBACCDCCCBAEEFDGDDGGDEEEDDCEDDGGDEDEDDGDBEFDDEEEDDEDDDDDDEEDEDGDDEGDDEDEEHDDDDDGDDDGDGDGGDEDGDGDDEDEDGDDEEEDDDGDFDD=EDDEDCFFECDFFEBFEEDD=FEEDGEDEF9GDFFDEADGFECFDEEDFFFE@EFEEFF@FGFEEEEFDEEFDD:AFFBFEEEEEFFCECFFCEFCE8EFEEFFEECF@CEFFBEEEEE@@=>=B	C	134	T	119	50	30	84	89	0.04287
1	248112554	T	364	TTTcttTTTtTTtTTtttttttttttTttTTTtttttttTTttTTTTTTTTttTttTTTtTTTTTTTtTTTtttTTTtTttTtTttTttttTttttTTtttTttttTttTtTTttttTTTttTtttTTttTTTttTttTttttTtTTtTTTttCTtTttttTTTCCTTttttTTCttTTCTttCTTTTTtTTtttttttTTTtttttTTTTttTTTtTCtTTTTCTTTTTTTTTTtttTtttTTTTtttTTtTTTTTtttTttttttttTTtttTTTCTTtTtTtttttTTtTTtttttTTTtTttTTTTttTtTttTttTTTtTtcCTTttCCtttttTCtTTCtttTTTtttCTTTttCCtt	CDBAC>@???BACCCDFEDDDDEDEEFEDGHGEEEEEEEGGEEGGGGGGG>EEGBEGGGEEEFGFGGEGDEDEEGGGDGEEGEHEEGEEEDEEDEEGGF9EG:CEEFEEGEGGFEFDG=?DEGE?DGGF;FGF<E<FFGE@EEGFGGFFGFDFCGDG9EFFGGGDDGFFEFEGGDEBGEBGEDDGGGGGFGFBBFFFFFFGGFFFFFEGGGEFE=EEFCBFGGGCFFFFGFFCFDFEAFFCDFFFFEEFFFFEFFFFDFFFEFEFFFFFFDF<FFFFCFFFFFEFDDDEFFFFFFDBEEFFFEEFF@FFFEFFEFEFEEEEFFEEFECEFEEDCAEDEDEBBCD=>A@CCD@??=ACCA9ACB@	T	345	C	19	166	17	179	2	0.00054
1	248112627	T	352	cccccccCCcccCCCTCCcCcCcccccCCcCCccccccCCCcCcccCCCCccCcCcccCccCCCccCctTCCccTTcccccCTcCCTcccCCCcccTCCCccTTccTCCTCTCTcCTccTccCCTctTCCTCCTCTCcccccccCCTCcccTccccTTCCCTccCtCcccccTTTTttcTCTCccctttcCCttccccTCttctcTtcTctCtcccTCTCcccccTTcccccCCTtccCCcccTtTCCCCCtcctCccCCctcTCcccTTcTtttTtCccccTtcCCcTcTTccCCccCcccTCccTcCTccCtcTCCCCCctCcccTtcccctTctcccCtcCCccCcctC	?ACA?C<B???AEEEDEFBEBDABBBBEFBFFBBBBBBFFCBCB7BBFFFBBFBGBBBGBB9G@B;GBGFFFBBFFBBBABEGBEFFBB9GEGBBBFGCFBBBFBBEGGFGFFFBGFBBFBBGFFBGFEGFFEFGFGBCBBBBBGEECBBB?CCCAFFF9FFACFFAC=ABCFFFEAHCFFFGCCCGHHCD>HHCCCCFFHHCHCEHCDCHEHC>CFGFFCCCCCFFCA=BC?G@HCCGFCBCFGDGCFFFFC>DGCCFFCGCDDCCBEECEHHDEDECACBEHBFECBCEEA@FDBCFCCCEE>?ECFECCEHCEEEEEECHECBCEHCCCBHDBGBABDD@BB>;A<<@C	C	263	T	89	101	56	162	33	0.00007
1	248112762	T	56	CCCCcCtcCtttttcttctCctctccctcctttCCCtCCCtcTCctTCCCCCCttt	BDDB?EHHEGGCGGGDGGGFGGGGGBGGGDGGGGFFGFFFFHFFGGFEFGGEFHHG	C	33	T	23	20	2	13	21	0.00008
1	248112763	G	54	AgaAgggggaggagAagagaagagggAAAgAAAgaGAagGAAAAAAgggAAAAa	DDDFFEDEFEFEEEGEEEFEEEEFEFHHHEHCHDEHHEFGHHHHHGGGFCC@?A	A	31	G	23	20	2	11	21	0.00005
1	248112771	C	70	ccccctcctcTtctctttcttcccTTTcTTctCTtcCTTTTTTcccTTTTtTTTttttttTtTttttTTt	CCA?BB;CDFEDFDEEDDFEDFFFCDEFEDFEGEEFGEEEEEDGGGADCCEDDCEFFFFFCBCAA@9@@C	T	48	C	22	24	2	24	20	0.00112
1	248138520	A	78	agagAggggAgAggGGaggAgaaggAaaAGggagAggAgggggAAGggggAGGagagaaGgaaAAAggAaGgAAAgaA	C@B<CACCFHEGFECCFFFHFFFFFHEFHCFFDFHFFHFGGFGGGCGGGGHCCGGGED=BHFGGGGGGGGADGGEB@?	G	43	A	35	8	19	35	16	0.00165
1	248167130	A	146	AAAAAAgAaAAAAagagAAAgaaAaaaaaggAAAgaAAaaagaaaAAAAAaAaAggAagAaaAaaaggagaAAaAAgAggAAAaAAaaaaaaaaAAaaaaaaaAaaaAAaaaaaAaAaaAAagAaaaAaAAaaaagaAaagaaaaa	CAAA@ACDEEFFFFCFCF<FCFFFFFFFFCCFF>CFFFFFFCF<FFFEFCFEFFDDFFCFGG?GGGDBGDGFEGFEDEDDFFFGFFFGGGGGGG;EFGGGGGGEGGGDEGGGHHEHEGHEEEBEGFGEGDEGGEFCFEFFB?@ADD	A	126	G	20	54	0	72	20	0.00007
1	248167137	G	144	GGGGgagaGGGaggGgggggaaGGGagGGgggaggGGGGGgGgGaaGgaGggGgggagagGgGGaGaaGGGgGGggggggggGGgggggggGgggGGgggggGgGggGGgaGgggGgGGgggagGggagggggGggGGgGgggg	@AAABECFG=GECCGACBCCFFGGECCGGCCCFDCGGGGGCGCGFFFCFFCCBCCCGDGDGDEFGFG?GGGCGGDDDDDDDDGGDDDDDDDFDDDBFDDDDDF>FC9FFDHFDD?FDFFDDDFCFCCDDCCDDD?BC;8A:?A:	G	126	A	18	50	0	76	18	0.00033
1	248224099	T	219	CTcctTTcctcccctTcTttctcTtctCTTCctTCcccCCCtccTTttcCcttTccTTtCCttTTtTTTcCCttcTTTTCtTTctcCtTctTCTccCtctTctcttTttcccTcttccTctcttcttTctccctccctttttCttctttttTtTtcccctctcTccTCttccttctcccccTtttttCccTtttCcctcTTtCTctcTctTcCCctTTc	ADC?C<?A?A?BCB@?DCDDFEFGDEDFFGGFDGGFFFGGGDFFAGEEFGFEEGFFGGEGGEEGGEGGEFGGEEFGGGGGEGGFDFFEHEDGGEFFGEF>GFEFEEGEEFFFGGFEF>FFE?EDFFEEGFGGGFGGGFFEEDGFFF<FFEFEEGDFFGGFGFGE5GEFFFGGFFGFGGFFGFFFGEFFGGFEFFFGFFGFFFFFAFFF@EFGCBB>A?D	T	120	C	99	46	23	74	76	0.01948
1	248224294	C	295	CttcTCtTCCTTTcCTTCcttCTTtTCTtCTCCcTCcTTCCTTCccTcttCctcTCcCCCcTCCCTTCCCCCTTCttCTTTtttCcCCTTCCTCCctttTTctCttCcccCTCtctCTCCcCcccCttcCTTTccCTTCCttccttCCtctccttcCtctCtCctttctCccCttcCCcctctctccCtcccctCCcCCCcccCCttccCCCtccCccCctCtCCctcTcCCccccTCtTTTtCCCCCCTTTtcctctcCCttCCTCttCtctcTCCttcTCTTTCttCTcctCC	D@B>@ABBE;CDCBFDCEBFGFDCFEGEGGEAGBEEBEEGGEEFBBEBGEFBGBEGBGGGBEGFGFDHGHEFFDGGFBEEEGFGGCGGEE?GEGGBHHHEDBHFGGGABAGEGHCHGEDGCG=CCFHHCGEEECCFDDGFHHCCHHGGHCHCCHHCGGCHG9GCHGHCHF=CFHHCGGCCHCGCHCCCHBCCBHFFCFFF>CCFFHDCCFFFHCBFCCF?HFIFFCHCDCDFCCCCDFHDCDGFFFFFDD@DHCCH=HCFFCHEEDDGHEGCGBDFGFDABBBA<>C<>A5;@C?	C	172	T	123	97	54	75	69	0.04445
1	248224451	T	221	tttttttTttttttTTttttTtttttTttttttTttTtttTtTTtTTttTtTTttTttttTTtTTttTttttTTttTTttTTTTTttTCTTTtCCTtTtTTtttttTTTttTTTTTTtTTttttttttTtTCttTttTTTTtTtCTCTttttTtCttTtTtttttttTttTtCTTTtTCtCtTttTttTCTTtCTTTCCTttTtTTTCttTtttCTTttTT	ACA??BB@CDECCEDEGGFG?F@GFFFGGGGGGFGGAGGGDGEFGDEGGFGFFGGEGGGEGGGFFGGEGGGGFEGGFFGGFFFFFGEFGEFFHFFFFFHFFHHHHHFFFGBFE<FEEHFFHHHGGGHFFH@FHHF;DEFFEHFHG>FFHGCHEHFHHEHEHHHHHCHEHHEHFEDEHEEHFHEGHEHHEFEEHF7EEEEEHCEFDEEEHFDDGFCDDDECB	T	205	C	16	86	16	119	0	0.00000
1	248224618	C	161	GgCCgcgcccCCgcCCccggCcgCCCCggccCCcCccgccgccgccccccCcCCCcCCCCcCCCCCCCcccCccCcccCcCCCcCccCcCCCCccCCccCccccCcccCcCcCCCCccCcccccCcccCCcCcCccCCcccccCCcCCCCcCCcCccCcCc	@A:>>CA=CCBBGFFGFECAGFEEGGFFFFFFFFFFFCFFFFCFFFFFFFGFGGGFEFFFFGGGGGCGFFGGFG7GGFFGGG7GGGGFFFFFAGGGFGGFFFGGGGGFEGFGEFEDGGFGGFGGFGGGEEGDGEGGFEGGGFGFEGEDEFDCDCCB@A<?E	C	148	G	13	70	1	78	12	0.00683
1	248224754	T	104	tttCTtttcCctTtcCcCTtTTCcCCtccttTCctCCtcttTtTttCtTCCTtTctCCtccCCttCttcCTCttCtcttctTttttcCtctttCtcCTcCCCTc	BBCCGEEDFCFDHEFDF:GEGGBFDDEFFEEGEFEDEEFEE=EGEEDEEDDGFGCEDCEGGDDFFDFFGDG7FEDFDFFFFB@FFFFCGGFFFCEFCFGDBADD	T	57	C	47	15	27	42	20	0.00240
2	15448311	A	73	ATAATTTTTaATAAAATTAAATTATTATATATATAATtTAtATTaTTaATTTAAaaaaTAtaAAAAATTaaaa	EGFFGGDGGGFGFE?EGFFFFFGEGGFEEGFGEGBEFFDEEEFFHFFGEFFFEEGGFGFEEDEEEEEFEDB=B	A	41	T	32	29	29	12	3	0.04462
2	44010620	G	63	GAGGgGgAgGgAgAaAGAgGgGaggGgAAAGGGGgGaAGgAAgGAGgggAgAggagAggaGgg	CAAEFGFFFGFDFFFFGFGAGGGFGGGFFFGGFGGGGFFCDEGFEFGGGEEEEGGGEEGGE@A	G	42	A	21	18	16	24	5	0.01636
2	47233720	G	85	GGTGTgTTGTgGGGggTGGGTGTGGTTGGGGgGGTTGTGGgTGGTGGgTGGTGGTTGTgGGTTtTGGTGGGGTGggGTgGgggGG	HHEHEEEDHEEGHHFFEHGHEHEHHEEGGHHFHGEDG:FGGDGGDGGEDGGDGGCDGDGGGDDFDDGCGGCFCGFFFB6D>>>C?	G	58	T	27	44	26	14	1	0.02992
2	48925746	C	43	CCTCCTCCcCTCCccTCCTCcTCcCcTcCTTcCTTTTTccccC	DE>GGEGGG;EGGGFEFDEFGDFDFFDGFDCGFDDDDDGG=BC	C	29	T	14	17	14	12	0	0.00389
2	159312776	G	44	TGTTTGTTTGGGGTGGGtttTtGTtTGttTGGTGtGGTGgtgGG	DEFGGGGFG=GGFGGGGE6FFFFFFFFB?CFF@FFFFFFGFGE?	T	23	G	21	14	19	9	2	0.03649
2	165793968	G	71	AgaAGgaagAGagAAgAaaagggggaggagggagAggaAaggaaaAgGgaAagggagagaaAagagggaaa	EADE?BDFBGAFCHGBHEFFCCCCCFCCFCCCFCIBCFHFCCFFFHDCDGGGCDDGCGAGGGGDGDDDFGA	A	37	G	34	11	3	26	31	0.03700
2	179325735	C	128	CCCTTTTCTTTCCCTTTTTCTTtcCTcCTTTCcCCTCcCTCtCCTCTTTttCtTtCCTttCttCtCtctctctttCCTTCcTTTTTTCTCcCtTCTTTtcCctCCcCCtCtCCttttTttCctttTCt	<CDD?EDGEEEEGGECEEEGFEGBGEAGEEEFBG@EGBGEGHEGDGDEEHHGHEHGGCGHGHHEHGHCFCCCHHHDGDDF5DDADDD=DFCFGDFCCDHCFCHFFCFFHFFF<FH<HCGGFADCAACE	T	73	C	55	41	42	32	13	0.02451
2	179614004	C	120	aaaCcAAACCACCaACaCCACaaACACCCAcCAAACCAAAACaCAACCaCCAcAAAaacACACACaaaAAaaCCAccACAAaCCAACaACcaCCaaCCaAACcAaCCACAAAaACAcCaA	CCGEF:FFFFFGFFFGF5FFGFGFEFFGFEGECFFGGFEFFGEGFFGFGFGAGFDEGGBE?EGEEGGGBDG?EEEGGEFEEEEFEEEGE<EGFEGGF>GD6DGEGFD>EDECCBBBAA??	A	69	C	51	44	42	25	9	0.03956
2	191064753	C	102	ttcCTtCctTcctCtctCttCcTttCCCcCCtctTTtCtTtTttCCTctcctTCcCCccCCcTCCTtTtcTccttCCTCcCtCCcCCTtcCCCCcCtcCcCc	CBBBCCFFDGFEDGCFEGEBGFGEDGGGFEG=FEDEFGEGDGFFGGGG@GGEFGGEFDGFFGGFFFFFCGGGGFEFDFFGFF?FGFFFFFFFFFGFDCBBCC	C	60	T	42	35	15	25	27	0.02842
2	218940259	C	37	ccttTcccTCTTctCcttCccctTTtccCTTccTTcT	BCABFGFFGDGGGDDGDCD<GHEFGEHHCFF;HFEDA	C	19	T	18	4	11	15	7	0.02011
2	219305404	G	51	GGCGgGCCGCGCGGGGGGGGGGGCGGGCgGGgCgggCCCGGgCgGCggCGg	EBGHFH?GHFHGHHHHHHHHHHGGGCGFFG;GFGGFFFF8GEEAFGEBBCB	G	37	C	14	26	14	11	0	0.02323
2	219890979	T	30	TTcccTctcctttcccctcctcctctcttT	DFB:AGBGBBFHH;CC8HBCGCAH7H?ABC	C	16	T	14	0	4	16	10	0.03653
2	219895548	C	182	CCcaccaaAcaaCACaCaaAcacCCCCCccacCCacACCCccaccAaaCcaaCCCaCaAACCaCAAaaACaCacCCaCaaAcacacacCCcccccaccCaCaccaAAaaacaaacaCaccAacAcccaaccCcacaaaacCAcacccccacaccccccaaccaaccaaccaaacaccacaca	DBCC?CCD;8CDBABDEFFEAEBEGFEFABFBGFFB@FFFBBFBBFFDGBFFGEGFEFF?GFFGEFEFFFFGFBGGFFFGFBF<FBDBGFBCCACGCCFFGGCAGFFGGGCGFGCGFFCCFGBFBCCGGC?GC7BGFGGCFEBFCCC;AD;EDCC@CCGH7CGG;CGGCAFGFCFBBD@?;D	C	101	A	81	35	16	66	65	0.03108
2	220315970	G	79	agaaaGGGGaAGaagaAGGaggggagaGaaaagAaggggggaAGGGGGGgAgaGagagggGaaagaaggggagaagaga	?ABDBCEEGEFGFFFFCBGFFFFFFFFGFFFEFFFFFFFDFEBGGFGGGFFFGGGGFGGGFGFGGFGGGGGGGEEGF<F	G	44	A	35	16	5	28	30	0.03970
2	220336723	C	98	ccCTttcCtttttctcctttctctTtccTCtTCCCCtctCTCtttcctCCcctccctcccttctttcctcttCCCtctctcccctCCtcCcCtccttc	CA>>B:@?C>CB>BCCDCDEDED5GDDDGDDGDDD8?DEDGDEEEDDEDDDDED?DEDDD5EEEEEEEFAFFDDCFEFEFEDEEDDDEECECFEFFFD	C	54	T	44	18	5	36	39	0.01567
2	220420785	G	218	AaGGAgAaGAAAgGgaaGAGaAaaaAGGgAAaAAAGaAAGAAGAAAGAGgGAAAggGAAGAAaGAAGGagGGAagAGAGgAagAGGGGgAGaaAAaAGGaGGaAggagAAaGAGGGgGgAAaaaaaaAGgAAGgGAAAaaaGGaaaaAaaaagAaaAaGaGaaGGgagaGGaaGgGGGagGaGGGgggaGGAGGGgaaggaaAAggGAgaggaaaAaa	EC><BA:A>EECC?FDFAH;DEEDEGC@EDHEHHHCEHHBHHCHGHCHCFCHHHCFCGH7HGE>CDCCEEBCBEFHB5CFHFFHCCC=GHBFDEHBGCBFBCFGGGDFHHFCHC@CFCFCH@EFFCFHCGHG9GCHGG7BEBC;FEFGEFBCGGFFGFBFBF6@BGFFFBBFFBGBBBF<BFBBBFGCFBBGBBB@FAFDFEFGFDBHEC<DAA?CBB	A	121	G	97	60	62	61	35	0.03982
2	227873028	A	97	AgaaaAAggggAaagagaaggagAgGaaAaagGaagggggaAagAgggaAAgGggaAgAgAaAgGgaaaaAgaaaaAaaagAagaAaaagaggaaaa	C??CCC:>BBCFFFCFCFF<CFCBCGFFFFFCGFFCCCCCFEF>FCCDF@FCFDDGFDEDFGFDGDGEGGFDGGGGEFGGDEGDGEGBGDF@DGFFC	A	59	G	38	18	4	41	34	0.02599
2	231065722	A	37	tttAttAAttAAaAAatAAttaAtaaAataaaaaAaa	BCDHDEGHEEHHEHHDEHHFFFHFBFFFFFFFDFG>?	A	25	T	12	12	0	13	12	0.00309
2	242610773	T	133	AAaTaaAATAaATATTattATAATTTTTTTatATTAAaaATAATtTAaAATTAATaaAAaTAtTAaaTTTTAtAAAAATTTTAaaTTTtaaatAaaattaTATtTaTAtAAaaaTtAAATaAaaTTTAtATaT	AEBDFFHHFHFEHHGGFFGHGHHGGGGGGGGGHGGHGGG@GHHGHFHGHGGGHHGFGFFGGEAFHFGFFFFGHGGGGGEFFFGGGFEFHEGGDGHGGHHGFGFHFGFGHGGFFFFHFFFCF<FEDEDE<BD?@	A	74	T	59	43	45	31	14	0.04187
3	3887093	A	138	agAGAGgaAggggggaAAGAGagGagagGGggagGgagAagaggGggAGgGaAgAAGgAGGagaagaAAAgagGAAAgGgaaAGaGGGAaagaaGAggAAgAgAAgaGGagAagAAAGgAaAAAAGaggGgagAagAg	AC?@?@AA?CBCFGEDDFGDGEFGEEEEGGEFDEGFDEFB6EEEGFDFFCFEFDFEGFFGGFGFEGCFFFFFEGFEFAGGEEEGEGGGFEF=F@FEEEFDGEFDEFFFEGGE=GEEEFGEFECEDFEFGEEBBB=BBD	G	71	A	67	26	37	45	30	0.03990
3	9547950	G	50	cCgGggcgccgGcGccGgccgGggcCccgcGGccGcgcgcgggGGcgggc	A>FBEECFDDFCDCDDCEBDECEFEDDECEBCBDCEGEFDFGGBBEFBB@	G	28	C	22	10	2	18	20	0.04472
3	9547959	C	45	ctcCtCttCcttcCCccctTttctCCttCtctctcccCCtccctc	CC:>?CHGDAFGBDEBBBGGGGBHDDHHDHCHCHCCCCCHBBCHB	C	27	T	18	10	1	17	17	0.03065
3	37107022	C	81	AaAAAAACCCCCACCCCAACACAAAcCCCCCACCCACACCCAACACCACACAaCCAAACacCCaCCaCaCaACAAaACACC	FD;EFCFGCGGGFFGG7FFC7GFEEHGFFFFEFFFEFEFCFDEFEFFDFEFEEAF7DEFDGFFCDCAA@B=?>BB=CAA??	C	43	A	38	41	30	2	8	0.03992
3	46965111	C	84	tTcttTTtTTtCttcctTcCccttcTCctTCCcCccCTctctTCccTTCccTTtttTTtTcTTctttTctcccctCtTtcTcTc	B9?D@AEHFGFGGGBBGGBGBBGGBEGBGG>GBGBBGGB=CHFFACFGGCCGG=AHFFGFCFDCAHGFCHCCCC?FCEHCGBC7	T	47	C	37	23	10	24	27	0.04658
3	52860936	C	205	TCcTCTCtcTCttCcTtCTCccttTCTttccTccCtctcCcTCCCTTTtccTctTCtctctcTtcttTCtcCCtctCcTTtcCTtcCCTTTCtCTCCccTTtTCcccTTctccCccCtCCCtctTTcTtcTctCTcTTctTcCccCtcTtcTccTtcTTcccttTTtcCccctTTtTCtCcctcctTTtctccTCCcTccccTcc	DDB=BBB@?DCCDFFGCGGGGGDDGGGD7GGGGGG@GDGEGFGGGGGGDGGGGDBG=GDGDGHCFDDGGDGFGDGDGBGGDGGFDGGGGGGGDGBGG;HGFEFGDFHFFHCHH<HGGEGGGEGEGDDFEAGHBGFHFEHDFHFGECCHC6IFH>FEHFFHH@EDFF5GFHHG>FFEFFEFHHECHEFG9>A5DCBBCCCB;>ABC	C	108	T	97	39	52	69	45	0.01650
3	61975382	T	68	cTcctCtTTcTcCcCCcCctccTcTCTCTTTCCCTcctTttCTTCtcTTTTtcTccCcTTTTTTtctt	CBGFDGDFFFCGFGGFGGGDGGFHEFFE=BFGFEBHHDBB?EEEFBHEEBE=HEHHFHEEEEEDEH;@	T	36	C	32	25	13	11	19	0.02716
3	64526717	G	61	GGGGGGGCCGgCGCCggCGCGCCcgCgCGCGGCgCgCCCCCCCgCGCGcGcCGggCggCGG	HHH;BAHGEHGFGGGCFGEFGEFFGGGFGGGBDEFGFFFFDFFDFGFGGGGFFGGFG>CBC	G	32	C	29	20	26	12	3	0.01806
3	64527465	C	57	CCTCCCCTTTtttCCTCtCCCTtTTTTCCCTCCCTCTCCtTTTtTtCCCTCTCTTTT	FFGGGGGFFGEDEGDGGEEFGGEFFFFFFFFFFFF=FFFCFFFEFEFFEEEEEEBCB	T	31	C	26	23	26	8	0	0.00572
3	98217178	T	42	aattaaTtATttaAttttttAttTAAttAtTTATAtTtttAA	@BBBBEGEFGEEEFDDFEDBFEFGEDFFEFEFDDDBB<<>A?	T	27	A	15	7	10	20	5	0.02018
3	148459395	C	185	ttCtTctcttTCCtttcCCcCcTttctttTCcttttttcCCttctCTttcCCtTCCccTtTctCcctTTtTCTtttCtTCCTTTCTTctcCTcCcccccCtttTttCtccccCtctcCccCTttctttTctcCttttttcccCttctttccCcTcctCctctTCtcCcCTttCttCCcCCCcCct	C?@C=AAABB@BAB7B?CFEFCEDBCDEEEGDDDEEEEDGG=EDEGED7DGGDEGG:DDDEDDGDDEFEEEGEBEDGEEGGEE7GEEDDDGE6GEDDDDGB>EDEFGEEDEDGEEFEFEEGEFEEFFBEEEDGEF9FFFDEDFFFEF@FEEFEDEEEFEFEEDFFDFCFDEFFFFFFEECC@>=B	T	94	C	91	25	41	69	50	0.00954
3	151078216	A	121	AGAGAGAGAAAGAGGAAGAGGAGGAAGAGGAAAGAAAGAAGAAGGGAGAAAGGGAgGGgAAGAAAGAGGGGAAGGgGGGGAgGAAAAGAAAgGgAGAGAAgaGAAAgGAGgAGAggGaAAg	>CGC>DHCHHG7HACHHCHCCHCCHHCHACGGGAGGGBGGBGGBBBEBGGGBBBGGBBEGGBGGGBGBBBBGGB7GBBB<FGBGGGGBGGGFBBFAFBGGDFAGGEE@F@DC@CBB>?C?A	G	61	A	60	49	58	12	2	0.00845
3	170912469	T	85	AtAttAataaAAtAAaTaatatatttattaAAttaatttataaAtataattttaaaaaaaatataatattttaaaaatattaata	EA>>C;@DDFFGFGHEGEFGF?@GGGFGGFHHGGFFFGGFGFFHA<GGFFGFHGGGGGGGGHGGGGHGHHHHGHGGGHHHHGGC?	A	49	T	36	10	1	39	35	0.02103
4	1291791	A	166	AGaaAGaaGaaGGGAgaAGAaAGaaaGAgGaAaGAAAaGaaaGgGAaaGgGAAgGgAaAgGaGGAgAaGgAaaAGAaGgGaagGAGGgaaAGaGgGAGGGGgGAaGGaAaggaAgGAAggaagggaGAGAggGAGggaaaAGgaAaaGGGaaggaGgGggagAAag	6=FFABDDBDDCCBGFEFCHEHCEEECHE@EHECHIIE@EDECECHEEBFCHHDCGGEHFCDBAHEHECFGFEHCHFCFCFCFCHCCFFDHCFCEBHBBABFBGFBBEGFFFFGGBGGGGFFGGGEBGBGGGBGBGEDFFGAFFGFFBABFD>FFAF@AB@BBCCB	A	84	G	82	36	48	48	34	0.04572
4	3494600	A	120	AGGGGAGaGaGagaggAaGAGaaaGGgggGaaaaaAgaaaaagaAgaaAagggGaAAgGgaggGGAGgAaGaGGgagAggGGGAGaaAGGaAggaaaaagaaggagggaAgGGagAaGGg	=<;?AGCFCFCFCFCCFFBGCEFFCCCCCCFFFCFFCFFFFFCFGCDFHDBDD<GBEDCDG7DCCHBDHGCGCCCDDGDDBBAGCGFHBBGGDDGGHHHDGFDDGDDDFGD?@FB@=A?A	G	62	A	58	30	17	32	41	0.04013
4	15733297	A	48	GgAGaaAaAAGGAAAAAgAGAAgAAAgGgAGAAAAAAAGAaGAggagG	>A:HFEEFEDHGEDEEEGEHEEGEDDEGGDGDDDCDDDGDGFC@E?BA	A	30	G	18	25	10	5	8	0.04891
4	48344154	G	26	TGggtTGgtTggggggTgtTTgTggG	C7DFDFBFDGFFFGGD<GEFFEFBEA	G	16	T	10	3	7	13	3	0.01521
4	74453656	G	169	gAGaaGAAagggGAgaAAGaaAaGGGagaGGgaaaggagGGgGgaGaaaaGgaaAAAGGaaaaaAGAagagaaagAAagaggAAGGagaggGGaaGaaAgAaGGgaagaGagaagaagaagGggggGgggGaagGGgAGgaGgggaaGGGgagaggggGaagaggaaga	CA:CC<CBCCDD;EFCFFFCDCDBGGDFDGGFDDDFFDFGGFGF:GDDDDFFDDCEFEGDCDDDFGEDFDFDD=FFFEGDFFE?GFDFDGFGGDCGEDFAECBGGEEGE9DEE;GDDGEEFGGBGGGGFGEEEGGGGEFGEFGB=EE=FFGFGDBEGEFEEFAAB?BDA	G	88	A	81	36	19	52	62	0.02112
4	123533820	C	41	CCTTCTTCTTCCCCTCCCTCCtTCCtCCTTtCCtTCTtTtc	=G@GGGGGGGGGGEGGFGFFFFEFFFFFFFFFFBCCCAB?D	C	21	T	20	20	14	1	6	0.04483
5	9122926	C	134	TTTTTCcTCTcccTTCTCcctTTCTcTtTCCTccTttTTCCcttCctTctccCctCcTtCcTcttcctttTTTTtttTcTTtttccccctCTcttcctTcttCcctcCcccTTtttctttctCctccttccccc	AABCBADEEBEEDCEEFEDDD<FEED6EFEFEDDDEEEFBGDEEFDEFDECCADEFDEEEDFEEEDEFFFFFFDFDFFEFCFFEEECCDBEFEFFADFFEFFAEDFEFEEEDEFFFEFEFEFEDEEEFFD@@@=	T	71	C	63	33	17	38	46	0.02147
5	141309824	G	67	ggggAAgAggaAgGaAgGgggGgAAggagaggGGgaagaGaagggAGagaggggAaAagagaggaAg	?@A=EGGEDEEGFCEHECEEECFGFEFEGFGECC=FFFFB@FGFGH@F>DGE?FFFGFFF8FGE?EB	G	40	A	27	7	11	33	16	0.04989
5	145477855	T	34	TccctcTTcttctcctTttttctcTttcTtTctt	>AACEDGFDEEDE@EFGFCFEDCEFEFEFFFEE@	T	22	C	12	7	0	15	12	0.03563
5	153783587	A	134	AAGaAAgAAgAGGAaGGgAAGgGGGgAAAAaAAAGAAGAGGgAGGAgAGgGAGGGAGaggGaAGAaGGagGAAGAAgaggAGAGGGAAGGAAaGAggGAggAgAAGGgAgaggaggagAAAgaAAgagaaAGGA	@B@DDGGGHFHCCFEACFEH;=A@CGCHHHEHCHCDFAGCCFH@CHFHCGCHCACHBFFFAEEC@F@CFFBGGBGCGF9FFBFBB9GGB?EGFBGGGBG:FGGGG@AFFEFFFEFEDDD@D@ADD?@@A>ACCA	G	68	A	66	39	50	29	16	0.02878
5	171583610	A	64	GAGaAAAAAGGAAGAAGAGAGAAGGGAGGGaGAgGGaGGaGaAGGGaAGGaGGAagGGGGAGGA	BFEEFEFFEEEECDEFEEEFDFEEDE=DDDFDEFDDFDDEDCEDDCFDDDFDDEEFCCDBBBB?	G	35	A	29	33	21	2	8	0.03404
5	180039606	C	145	cctCCtttccCtctTCcttcTTtCCttTCcCCtTTCtcCCCCttCTttCtccTttctTttttcCCctccCTCCctCccctcTcccCccTtcCcCCCTCCtttcttCTtcccCCtcctcCctcctcCtctctCcccttctcccccc	C<CB@DED@?DH8FF@AFFBFFGFFGGFFBFFGEFGGBGGEFGGGFGGEGABFGGBGGFFFGBFFBGBBFDF=@GGBBBGBEACCGBBEGB>BEGFEFGHHHCHH@EHBC@FFGBCHCFCGCCHCECCH9GECCCFHCFCC>?<<	C	86	T	59	35	14	51	45	0.04876
5	180661980	T	125	TCTTcCTTTTctcCCTTTtTTCCTCtcTcccCTTTTTCttTcTtTTtTCCTTCccCcTtTTTCtTctCcctctcTCcctTccTcCTttCctCtcctTctTTTTTTcTCTTtttCCcCtTTCctCc	EDDFGDFGGGGCGDDHFGDEGDDGDDGGGGADGGGGGDADGAG>GGEFCDGGCGHDHFEGGDDEGGE=HGECEHECHHEFHGFGCFABCHACEEGEFHCFFFCFFDFCFFEEECCHCEFGDD=AC	T	71	C	54	47	25	24	29	0.02962
6	6004035	C	48	aAAacCAaaaaACCCaacCaaAAAaCAAacaCcacaaaaCaaaaaaAC	EHHFBDGFFFEHDCDFFBBFFHHDG>5HGCGDCGAGGGGCFGGGGGE@	A	34	C	14	10	9	24	5	0.04914
6	17764896	G	223	CCCgCCccGGGgGGgGgcCGggCGCCCGCCGGCcCCgCGCgggCgGGcgCGCGGGgggCggGgggCCCGgCGccGgGggcgGcGGCgGGGGCCCcGgGggCCcCCCgCCGgcggCCGgGCgCgCGCgCcCCccGGGCcCGgGGCCCgccCCgCCCCGgGgccGGcCCGGcgCGCggcggCgGGggcccCCGccgGCGCgCCCggcgcgcGCcggggccgggcc	AB>BCDDDCDCFEEFEFEEDFFGEFGFEFGDEGCGEFGEFFFFFFEEFFFBFEEDFFFGAFEFFFEFFEGFEGGEGEGGGGEGEDFGDEDEEGAFEGEGGFFA?FFGGFEGGGEGGEEEFGGGDEDGDF?GGGDDDFFGD=DDEFFDGADDGFFEEDGDGBGDDFFEDDEGFDEG=GGGEGDD6GFGGEDDGGFDEDFEFCBFGGCCADCBA?B?<@@?DDBC	G	118	C	105	55	69	63	36	0.00468
6	24532392	T	200	tCCCTcCTTCTCTTCTTTTTTTCTCTTTTCttcCTTTTTtCCCTTTCtTCtTCTTTtCCcTCTtcTTCCcTCCtttCCtTCCCCCCCTtTTCCtCCTTCtCttTCCttTTTctTcCTCttTttttTTTctcTCTtTTTTtttTTtCcCCTttTCcccCctTttCCTCcCCTTTCtcCTCcttCCtCttCCccCTcTTcCC	C9DF9B@GGGDFEGGGFG9BGGGBHHHGEC=GBGGEGGFGGDGGFGGGGGGGGFFGDGBCFGGHCG@CFCGGGHHHGCHGGGGGGGGGH=FCFHEDGGGGGHAGGGHHFF>CHFAFFFHHFHHHHGFF>H>CFFHEFFFFFHFFH7CFFDHH;FCCCFBHFHHFFBFC6FFFEFHCEEFCHHFE@EGGFF@@A:>BC>A?	T	114	C	86	71	65	43	21	0.04842
6	33647594	C	64	CAACCCCAACACAAAACCCACCcccAAAAcCACCCcACCCCCacACcAAccAAACCACccCCCC	GFF@GGGE?GFGFFFFGEGFG=CCC=EFEBFECFECDFFFFFGCAF7EECCDEDFFEC?:=B?C	C	40	A	24	29	23	11	1	0.02303
6	40400288	C	95	ccCCcCCTcCCTctctCTCTTTCccTtctTTTCTCCccCctcTctccCcTcCTTCCTTTCTcCTtTcCCTCcTTcCCTCTtTCcTTCTcCTTTCc	A@?EBGG>5GGFBGBGGFG@FFBB=FHCHEBCF?FGCCECHCECGBCFCDCEE?FEEE?FECEEGECFEEECE?BCFBFEHEDBEDFC>A8BBA;	C	54	T	41	29	33	25	8	0.00886
6	47646842	A	82	AaagAAAAggAAgaGgAgGgaaaaggagAaaGagAgAAaAgAGgaAAaAAgAaaaagAgagggaaaAagGagagaaaAagaa	ACECHHHHCCHHCFCCHCCCFFFFCCFCAFFCACGCHHFHDHCDFHGGHEDHGFGGDCDGCDCGGFGFABGDGDGHGGGCGF	A	53	G	29	22	5	31	24	0.02909
6	57415309	G	70	ggggggcGccgcggggGcccgGccgGccgcgcgcgcgccgcgcGgcgggcgggcgGGcggGggggggggg	C@BBABFBHFFGFFFD9GGGFCGFFBFGFGFGFGFFFHGFGFFCFGFFFH>DGGGBCHGFBGFEGGE?B?	G	47	C	23	8	0	39	23	0.04614
6	57467100	G	92	CCCGCGCGGCCCCGGCCCgCGGGGGGCCGGGGCCGCCCCCCGCCGGCCCGCcGGGCcCCcCGcCGGCcCCCcCGGcCCGcGGGGGGGGCGCG	AGGGGFGFFGGGF<GFGGEGGGGFGFFGFFFFFFFDFDFFFFCCFEFFFFFHFFFFHFFHFFHFFFFHFFFHFFFGFEEHFCEBB?CBCC??	C	51	G	41	43	40	8	1	0.03957
6	88140811	C	122	AACCCCCCAACaAAACcACcACCACCAAACCcCccAAaCaAAAACCaCAAACCCCaACCCCACCAACCAaAcCCaaCCCCAaaCCccCaCCCACaCCCCACaCacCaaCCaccCacCCaccc	B>?@FFFGFFFDFFEFGBBGEFFFFFEFFFFHFHHFEEFEFFFFEFEGFFFGGFGEFGGFFFFFFEEFEDEHEFEEGEEEDEE<FGGFECFFEF?EFFEEFCEE>DEEFFEHH7CADCAEE@	C	72	A	50	57	31	15	19	0.04256
6	109993291	G	64	agaaaaaaaaagaaaaaggaaaagagggagGgGGaaagGgGagAAaGagaGgAGGGaagagggG	AACCCBDEFEEAFFFFFFFF@FFDFFFEFFFGDGGFGGGGDGGF:GFGGGFGEEFF;GGEA=??	A	34	G	30	3	11	31	19	0.01353
6	148829910	A	48	GGAGGGAAGAAAGaGGGGGGGGGaGGAGAGAGaAGGAaAGAAAGGGGG	EEEEEEE:DFBEEFEEEADDEDDGDAEDEDEDGEDCDFDDD@69AC??	G	29	A	19	29	15	0	4	0.01992
6	152420095	G	80	ggGgggGgagagaaggaGAgGaGagaaagggagggGgGaGGGGGGAaagaaagaAaaagGagaaAgaaGgggggggaaaa	A@;AAA?BEBFBFFCCFCHCDFDFCFFFC@CFCCCCC9E:CB<CCGGGCGGFDGHG:DCCGDGGGDGGBDDDDDDDCBCC	G	46	A	34	15	4	31	30	0.03596
6	155565090	C	62	CTTCCCCCCCCTtCCTCCCCTTTTtTCttcCTTcTCTTttttcCCCTcTTttCCCCcCtCCT	GGGBDGGBFFFADEEGGEGGGEGGEGFEEHGGGHFG<GED7EHFFAFHFFEEFFFFAFEABA	C	33	T	29	28	18	5	11	0.04832
6	155569168	C	116	CTctTtTtTttttCTCtTCcCTcctCTCTtCtCtcTCctccCtttTcTTtCCTttcCCCCTttCCtcCCTTtTtCtcttTTtCtCcCCctttcccccCCtCCccctCcTCCcCTct	ABC??B@DCD5<GFGGFGGBGGBBGGFGGGGGG<BFDBCBBGGGGEBGGGGGFGGAFGGGGHHG;HCGGFCHGHGHBHHDEHGHFCFF6HHIACCCCFBHFFCCCHFCFDCBDC==	C	59	T	57	34	22	25	35	0.04375
6	158923434	G	120	CgccccccCcCgCcgggggcGgcGGCcgccgGcccCggcCGgGccccGGcgcGcGCCcGcGccGCGggCCgcGcCcGGgcGcgGcgGcgGCGcccGcCGCcgCGgcCcgcCCccGcCGGg	ACC??BBG>FDECFFFFFFFCFFCADFFFFFAFFBDFFFECFCFFFFCCEFECG<C7GAGBGGCDCGGDDGGCFDFCCF9CGGBG7BD>BCBGGGBGCBCGGCBCECGGFBBE@BFC?@B	C	67	G	53	21	28	46	25	0.02457
6	169632219	G	252	AGAgggaGgGAGAAGgggGGGAGAGGGgAGGgAggGggGGAggAGGGaaAGGgAAaaGGGggaGAGAAAGAAGgaGaGGAGGgGGAggggAgGGGGGggGggAAGGGGGGgagAAGAAGGaGGGggGAAGGggGgaaGAgGaaaaAaggaAaaggaAGGAGagAGGgGGgaAGAgGgggAggGAAgggGgaggAaggggGgAGgAGgAGGGaAGAaAGAggaAAGGGgAGAAGgaAggggaAAggAgAAGGA	A=@@@CCAFCFEFFEFEFEEEEEFEAEEFEEBFFEEEDEEFFDCFEEE=GEECFBEEEEEFE=EFEE9FEFFEFFGDEEEEEDBEFCEFGEGEDDEEGFDE=EFEEEEEEF<FFFCEFEEFEEEFFEEFEDEBEG5EEEGEFFFFEFGGFEFFFFFFECEDFFFDDECDCFEDEFDFGFEGFDEEHGFDBFFFEFGFFFDGEDGEDGEDDDEEDEFE6EF@FDEDDDGEDEDCGED6FFFFDFDDDB?ABC>	G	160	A	92	86	62	74	30	0.04593
6	169648767	G	168	aGAggggAgGagGGaGggGGaaAGggggAgggagGAAgaaggggAGgaGgaaAGggAgagaggggggAGgaAggaagAagAAGGgAGaaAGAaGAgagGggaGgggGAGGAaAgAAgAGgagGAaAGaagAGagagaaGAAggggAaaagAgggAGGggAGGgAAGGA	?;@@@A@ECBEFCBECFFCAFFFCFFFFHFFFFFAHHFFFFDFFH>FEDFFEHC6FGFFFEFGGFFDHCGGHGGGFGGGGHHCCFHCGGFCHFCHBDGB?GFBGCECGCCHG7GGGGGBGGGBGGGB=DHGBGGGGGGBGGGGGGG;GGGFEGCHBCEEC?=<@BCC?	G	98	A	70	34	36	64	34	0.03899
7	810219	T	102	CCCctcCTtTcCtttCTctTtTTCCCCtCtCctTCCCCCtctcCtTttccctCcCCttTttcCcctcccctcttcttcccttcccCtccTctctttTcCttt	D@<?;>B<HFBFGGGGFBGFGFCEGFGGGGFBGFGFFGFGBGBFGFGGCCCGFCEEHFFHHCECCHCCCBHCHHCHHCCCHCCBCEACCE@GBGHGECDHD@	C	55	T	47	24	11	31	36	0.03791
7	39606107	G	175	GGaagGGGAaAaGGgGaAaggggaAaaGagGGaaggGAAaAGGAgAAGAGGAGgaaaaGGagGagggAAaAagagaGGAaGGaGaGGggaGGaaaaGAaggaAaaAGAggagggGaaaggagaGGgaAaAggggggaggaaagAaGGGgGgGggGgaaagAGGGAgagGGagaag	>6:BC@<?GEFEC=DBEHEFEFF:HECCEECCEEEECHGEHCAFFCHCHCBHCFEEEEC;EE>EEGGHHFHEFDFFCC<FBC>CFB?FGFCCFFFECHEGFFHEFHCHGDFFFFCFFB?GFFFCBAECFFFGFGGBFEFFFDECF8?>GBEAGFBGDEEFGB>BFFFFABEDBAB	G	95	A	80	46	25	49	55	0.03019
7	45142834	G	30	gCCGGGgGCgCggCCCCgCCCCcCGCCGcC	>DACCCGBCBC?<CCCCGCCCCECABBCCC	C	18	G	12	16	6	2	6	0.03415
7	55560207	C	82	tcTTttCTCttcttcttCcCCttccttctCtttctttttctCctttcttccCtcCttttctctcccccCtctccctccctcc	A<@EGGBGCGG>GGBGGDBDDGG;BGGBGDDGGBGGHGGCGDCHHHC;ECCCHBDH=EHAGBHCCBCCDHC@C8CHABCHC?	T	42	C	40	3	10	39	30	0.03536
7	102948040	T	121	CTTCCCCCCCCTTTCCCTTTCCCCCCTTCCcCCCCTcTCcTTCCCTtCCTCTTcTTTCTCTTTCCTCTCCTccCTCTTCTcTCcccTTTCTTcTTtcCtCTTccCTCCCcCCCCCTcTCTT	@=?FGGGGGGGEEE;GGEEEDGGGGGEEEGHGGGGE=EEGEEGFGDEEFDFEDHCDDFDFCCDFFAFCFFDHIDDFDDFDHDFHGHDDDFDDHDCEHFEECCGHECAEEGDCDDDCECAA?	C	71	T	50	55	47	16	3	0.02061
7	107822396	G	78	agGaGaggaaagggagaaGAAGgaaGaggGaAGAGaAagaGggagaaggGggaaAGGggGaGaggGaGaaaAaaagaa	CABFGFCCFFFCCCFCFFGFFGC=FGFCCGFFGFGFFFDGADDF5GGDDFDDGFFFGDDGGGGDBF=FGGGEEGD>?D	A	39	G	39	7	16	32	23	0.04572
7	129330353	C	131	ccTCTtTCtcctccCTtTCtCCtccctTTtcttttCtttCCTCCCCTCCccCCCTTcCCCctCcCccTCccttcctTccCCtttttctCcCtctcCCctttcCCccCcctttctcttccctttcctcccTt	C>?B>EBFHBBGAAGGGGFGGGABBBGGGGBGGGGGGGBEEEFGGGFEFBBGGHFG?DGGBG>BGCBGFACHGBCGFCCGFHGFHHBGGCGBBHCGGCHDHCGDCCFCAHGH;GCHFBCCHHHCAD?>=AA	C	76	T	55	33	14	43	41	0.04271
7	143097100	A	81	AaAGAaaggggAAgaGgggAgAggagggAaggaAgaAaaAaAAaggagGAAaGGggAGaaaGgAgggAaAGAAAaAaAGAA	E?@=CCFFFFDHFFECFEEHFHFFEE=>GEEDFHEFHFEHFHGEGFEFCHGDBB=FHBFFFBGGGFFGFGBAGGFGFFBCC	A	46	G	35	26	9	20	26	0.00691
7	149417230	G	82	gGgAGAGGGGGAGAAGGGggGGAGgAGGagAAAGGGgGGGgaGAAAAaGgAggagaAAgAggggAggAgggAgaaAggAaGA	EGFEHEHHGGHEHEEHGHCFHHEHFEHGGGDDEH=HGHHHFGHEEEEEHGDFGGGGDDGDGGGGDEBDEGGDGGGEFBC?C?	G	50	A	32	25	24	25	8	0.03714
7	155255332	T	170	TTTTCTCCTCTtTCCTCTCCTTTtCCTCCTCTTctttcTTTTCCCTTCCCCTTCTcCCTtttctCTCTctctCtTTTcCtctcCtttCCTCtTCttttcTTttttCTtcTcTcttCcTtTcCtTCttttTCccCCCcctttcCcCtttTcTttCCttCCttctCctttcT	C=B@;CABECEEA?DDDGDDGGGED?GD@GDGHFEEEFGGEGDDD>GDDDDCGDGFD?GF<FFFDGDFGFGFCFFGGGDFGFGDFFFDDADFDDEFE<FGGFFFFDGBGEGFGFFCGFFFCCFFCGEEFFCGGCCCGGEFFGCFCCFEFGEDECCCEDDE@B?@BAA>A?	T	97	C	73	46	48	51	25	0.01989
8	1581299	C	39	gcgggcccgCgcggcCgggcgggcggggccggcgggcgC	?>CDECCCEGFDEEDDFEEEED:EG?AGEEFEEFFFEGB	G	24	C	15	0	3	24	12	0.04979
8	2056421	C	42	TTTTCTTCTCCTTTTTTTCTCCcTcTTtTTCcTcCcTCCCTT	DEEEGEDGEGDDEEDDDDFDFFEDEDDFDDFEDEFDEF6BCC	T	25	C	17	24	12	1	5	0.03185
8	9436580	C	40	TttcccTtTctctTcctcctctccttcccctccttccctc	BBEEFFGEGFEFEEFFEFFEFEFFFFGGGGEGGFEFGEFG	C	22	T	18	0	4	22	14	0.03348
8	11619397	G	148	AAagGgaaAggGGagGaaagAgGaggAGgGAgaaAAAAAGaagaAaGGaAaGGaAGGAgaAaGgGGAGGaAGaaAAgaaaGGgaGAggAgaAGaagaggAgaGAAaaAaAaAaGGaaaGGGGaaGGGAAGGAaGAaAaGGAggaGGgg	BFCC;=AACAA>=CC?EGGFHEAFEFHCFCHFFFHHHHHCFFFFHFDAFHFCBFHCCHFFHFCFCCHCCFHBFFHHGGEGBCGGCHGGHGGHCFGGFFGHG6CHHFEGFGGFBBBGFGBBBAHGBBBGGBBCGBGGGGBBGEDB=>AE	A	80	G	68	35	41	45	27	0.04946
8	21974032	A	54	AacaAccCccAaacaacacAaacAccAAaccAcaaaAAAaaaacaacacacacc	;9ACDDD7DCF;EDEDDEDFEEDFDDFFEADFDEFFEFFBFEEEFFEFEFC??=	A	33	C	21	11	1	22	20	0.01814
8	27743401	T	26	TTGGGGTGGGTGGGGGtTGGtGtTTG	GGGGGCGBGFDFFFFFEEFFEFEECD	G	16	T	10	16	7	0	3	0.04615
8	37455990	G	30	gCgCCCCGggggCGCGCGCCgcCGCcgCGC	D@F=GDGGFFFFGBGEGFF8GHFFFHGFFF	C	16	G	14	14	6	2	8	0.01869
8	41355096	C	90	TCTCCTTCTTTTCTCTTTTCCTCccTTCTcTTcTCCCCTTCCCTCCtcCCccctCTCTtCctTCTTTctCtTTcCTTTTccccTTtccTc	>?AFGEEFFE@EHEGECCEEGEEBBEEEDCEECEGEG@EEFFGDFFE=FFC=CHFCFDIFAHDFDDDCHFHDDCFDDDC;>>>A<C>>@;	C	45	T	45	27	38	18	7	0.01760
8	101719121	G	226	gGGGgGgGGGGGGGGgGGGGGggGGGGGGggGGGGGGGgGggGgGgGgGGGgGgGGgGGgggGGggGGggGgGGGggggGGGGGGGGgGGGGGggGGGGGGGgGggGGgGGGGggGGgGGgGGGgGGGGGGGgGGggGGGGgGGGGGggGGGGGGgggGggGGggggGGggGgGAGGAGgGaAAAAAAAaaaaaaaaagaagaaGGGGGagaggGGGGgaGGGGaa	A=>?CBFCC7CAC=?FCCCCCFEB>C>C@FFCBCCCBAECCEAFCF>FCCCE7GCCGCBFEFCBFGBCGGAGCCAGG7ECCCCCCCCAB@CCCGFCCCCAB9EBFGBBGBBBBGFB@EBBEBBBGBB@BBBBFBBEEBBBBGBBBBBFFBBBBBBGGFBFGBBGEFGBBEEAD?DAAFBFAEGGGFGFGFFFFFFEFFFFFDFEBA@@@?BABB>??>6==AA@A?	G	198	A	28	132	9	66	19	0.00067
8	101719138	C	238	cCCCCCCccCCCCCCCcCccCcCcCcCCCCcCcCCcCCcccCCccCCccCcCCCccccCCcCCCCCCcCCCCCccCCCCCCCcCccCCcCCCCccCCcCCcCCCcCCCCCCCcCCcccCCCCcCCCCCccCCCCCCcccCccCCccccCCcCcCTCCTCcCtTTTTTTTttttttttttcttcttCCCCctccCCCCctCCCttCcccCCcCtcttCccCCtcCccccccccctttCc	C?AAA?>>==?DEBEFA:AAGBEBGBEFFABGBGGBGABBBDFBBGG@BBBGGGBCBBGG;GGBBGG;GGGGECBDFGFDA9CECCGEBGGGG9?GGAEGCFFGBFFEDFEECADCCCGFFF@FFFFFBCFFFFFFCCCFCCFFCC>CFFCCC=DFFDFDFHEEDDDEEEGHHFHHHHGDHHAHHFFFFCFCCFFFFCHF9FHHFCCBFFCFHBGHFCCEFHBECACCCABA@EDDB<	C	203	T	35	123	9	80	26	0.00017
8	101719201	A	289	AAAAAAaAaaaAAAAaAAAAAaaAAAAAAaaaAaaAAaaaaAAaaAaAAAGAaAgGggggggggagaggAAAAgaaaAAAAagAAAgAaaaAAaAgaggAaaAAgaAaaaaaaaaagggAaaAAAaAaAAaaAaaaaaaaaAAagAAaaaaAAAaAagAaAaaAgAAAaaAAaaagaaAAAAaAAAaAAaaAAAAAaaaAAAAAAaaaAAAaaaAaaaAaaaAaaaaAaaaaAaaAAaaaAaaAAAaaaaAAAAAaAAaAaaaAaAAaaAaAaAaaaaAAaaaaaaaaA	CCCC>>C?B=CAAABD:DDEECGDEDFFEEEFFFDFFEEEFFFFDFFCFFEEFFFEB>ECFFFFFFCCFFFFF>FFFDE=FFFF:EFFFFEFFFGFFFFFFFFFFFFGFFFFFFEBGFFFEFFEFEFGFFFGF@<GGEGGGFBGGEEGFEGFFFGFGGFFFFFFFFFEGFFFGGGFGFDFFFGFEFGFEGBFDEFDGGGEFEEEEGDFEEEEG?EGGEAGGGE?GGGEGGGCBGGEEGFFEGCEEC?GAGEEEDEGEEGEGGEEGEEGGEGEGDFFGEDBBAAA?@@??	A	261	G	28	127	2	134	26	0.00001
8	101721705	G	122	GGGGGgGGGGGGGggGgGGGGGGgGgggGGGgGGGggGGGGgGggGgGgggGGGGgGGGggGgGGgggGgGgGGggggggGGgGGGGGGGgGGGggGGGGgGGgTggTGGTgGTTTTTTTgg	CBHGHFHHHHHHHFFHFHGGAHHFHFFFHHHFGHHGGCGGHGHGGHG=GGG?HHHGHHHGFHEAGGGGGGGGHGGGGGGGGGGGGGGGGGGGGGGEGGGGGFFGCFGDFGCEFDCCBBB@@;	G	112	T	10	68	10	44	0	0.01341
8	101721727	G	152	GGGGGGgGgggGGGgGGGggGGGGgGggGggGgggGGGGgGGGggGgGGgggGgGgGGggggggGGgGGGGGGGGgGGGGggGGGGgGGgAggAGGAgGAAAAAAAgaGgagAAAggAAggggAggagAGgaAGGagggGaggggAggAAAg	DC<B@CAHBCCHHHCGHGCCGHHHCHCCH@CHCDCAGGHC;HHCCHCGFDD=GDHDHHCDDDDDHHDHHHHHHFHCDGHGDDHGGGDGGDDDDEGGDDGDDCDDDDEGGDEDDDDDDDD@DDDDDDGDDGBGDCGEDCCE@@AAAA>>CC?A	G	124	A	28	62	22	62	6	0.00634
8	101721870	G	159	aGGggggGggaaGGGggGGGggGGGggGgggggGGgggggaaGagGGGgggaGgggGgGgGGgGggGgGaGgaGGGGGGGaGGgGGGGgGGGggGGGgGagGGGgggGggGagAaggggaggggggggaaggggaggggggGggggggggggggggagg	?87BBAB@FFEDCC@FFBCCFFCCCFFCFFFFFCCCFFDFFFCFFACCFFFFCGDFCFADCCGCFGCGCG<GFBCBBC8CGC?GACCCG<BCGGB?BFBFGCBBGGGCGGBGGGGFGGGGGGGGGGGGGG=GGGGGFGGGGBEEGEFGFGFEBBEF<DB	G	140	A	19	54	1	86	18	0.00368
8	106813518	C	84	CcCgggGCgggggcgcggGGcCCCggGGgGCcccGCCCcGGCGCCCGCgcgCCcgCCgCCgcCGGcCCGCcgCCcCCCcGCcGg	>DCEEDEFFFF7FGFBFFEEG@GFGFEEGDEHHHEEGGGEAFEFFECE@HGEEHGEEGFEFHCDDHEFDFHGEEHEFEFCCB>B	C	47	G	37	31	16	16	21	0.04758
8	119296422	A	42	CCCACCCCCcAcCAAccCcCCcACACCAcACACCAACCcAAc	ACDHADDDDCHECHFDEAECCEFCECCGEGCGBCFDCCABC>	C	29	A	13	20	13	9	0	0.03817
8	142445364	G	169	AGgAgAaGAgGAAaGaaAGAaAAgaGGaaggGaAgaGaGGGaaaAaagAGGaGGGaGagAaGagagGGAaggAgGagAgggGGaaaAGGAAGGAGgGAGggaagaGGaaGGgaaggaagGAaGAAGggGgGAGaaggAgaaAaGGgaaggggaaGGGgGggaAaGaGAg	=<BBFFFAHBAHGEBFFHBHFHHF?CCFFFFCFHFCCFCCCFFFHFEFHCCFCC@FCFFFFCFCFFCCAFFF@GCFFGFFFCCGGF=BBGGBCABGCH@GGGFFGCCGG=AGFGGGGGGCG>BHHBGFBGBGBGGGG?EGGGGBBGEEAGGGGGBAABBGFEDA:BCCD	G	90	A	79	49	30	41	49	0.04431
8	144940230	G	126	gggGgGgGgggggGGGGGGGggGGggggGgGGGGgGggGGGGggggGgGGgGGGGggGgGGggCCGCCGGCCccGCcgCCCCCCCCCCCCCCCCCCCCCCCCccccccCCgCCCCGCCGcGcGCCg	@DBGCGCGC@CCCGGGGFGGDD:F@DDDGCBGGGDGDDGFGFDDBDFD<FBFFFFDDFDFFDCFBF?FEEFFCCECCCFFFEFFFFFFFFFFFFFFFEFFFFCAC@CCEF?<FGGEBCC=C<AAA?	G	74	C	52	40	41	34	11	0.00477
8	144944161	C	112	CTcccTTTTcTTccTcCtCcttccCTTctcTtttccccTccCTcCCcttcTcccTTcTCTTTCtTtTTctTCtTttctCttTCtcCtctCcTtctCtcccTTtCctTCCcTT	A?<=<>ACDBEDBBFBDGDBGGBBDDEBFBA=FGBBABGBBDGBEDCFHBGCCBGGCGCGGEDHGAED=;ECAEHHCBCFGFCE>CIAHCCFHCEC>C@?FFHCCHFBC>DC	T	58	C	54	32	18	26	36	0.02353
8	145008931	G	189	cGcccccCGccgCcgcggCccGCGCccgGccGCCGcGGCcccggcccGGgcCGcGcCgcGGcgcggccGcGggggGccgcGCCggCgcgGgccGGgcCcccgCcCGCCggccggGccGggGgGcGGcgCCcgcgcgggcgGCcGggcGCCggccGGCCcGcGCggccGGcCCgGccgGgccGCgGgCcG	?;:<<>>?<??B@CDCDDCABADCDBBBCBBCDDCBCCDB5BCCBB=CCCBDBBCBDCBCCBCB?CBBDBC@CCCCBBCACDDCCDDCBCCCCCCDCDCCCDDCDCDDDDCCD@CCCBDDBCCCCCBDDDCDCDCCDDCDBCCBDDD>CCD<CCBBCCCBCBCDDCCBBBCCDBCCD?C9A>B?5==:5	C	97	G	92	30	43	67	49	0.03608
9	13175987	C	37	tCtcttCtccCtttctcttttttttctcctctctccC	CACBCEGDDDGEEEDED=EDFEEE?DDDEEE7EFEE=	T	21	C	16	0	4	21	12	0.02756
9	36276857	A	51	AGAAGAGAGGAGAGgAAAGggGAGAGGAAGAAGGAGGGGgAAgAGgAGGAG	=>EFEFGFFF?GFGGEEEFGG=EFEFFEEFEEF>DFFFFG?EGDFFCCBBB	G	29	A	22	23	22	6	0	0.03052
9	92017733	G	46	AGGAGGGAAGAAGGAGAGaGGGAGGGGGGGAAGGAGAGGGGGaGaG	DEGFFGG:FDFFG>FBF?GGGFEFCFFCFFEEFFEFEFEEFFCC>A	G	30	A	16	30	13	0	3	0.03689
9	117253973	T	69	TTcCtcTTTTtCTTCCCCtTCCTCCCCCCTTtTTCCCCCTTCtTCTTttttTTCTTtcCTtTtCTTtCT	AC@GGBEGGFGE?FGGGGGGGGEGDDGGGEGHFFFCFFF>FFEFFFFHHHBFFFFFHCFFH;GFEFEBB	T	41	C	28	28	25	13	3	0.04836
9	125378014	T	56	tttttgtTtgTggggtgtggTtTTttggTgtgTgtgggtgggttgggggtttggtt	CB@B>ACBDCF8CCCGCGCCFBFFGGCCE@DCFCGCDDG=DDCHBDDDBFHHDDHF	T	29	G	27	7	0	22	27	0.01056
9	127818276	C	90	CCCccCCCttTttTCCctCTtCttTtTCtcTCCtccCCCtctctttcctctctTtttcttcttttctCCtccccctCcctccctcccttc	A<>DCBBBABDDDDGFGDFEDGDDED@EDGFEBDGGFGBDGEGEDDHGDGEHECEEBHEEHEEEEHEGGEHGGGHEFGFEHHHEGFGCBE	C	48	T	42	19	7	29	35	0.02050
9	135765261	C	36	CCCCTTCTCCCTCTTttCTCtCCTTttCTttcCTCT	GE@GEEEEGFGEGEDHHFDFHFDDDHHEDHH=GCCA	T	19	C	17	12	16	7	1	0.04382
9	137674391	A	40	GGAAGAGGAgGGGGaaGGGGAaAaaAGGGGAAGGGGGgaA	C=HHC;CCHGACCCBFC@B<GEEHGFBB;BGFBAB?>:8C	G	24	A	16	22	10	2	6	0.04204
9	137674488	G	131	AAagGAaAaAAGAGGAGGGGGGGAAAaGaAaGAAAAaGAGAAagaGGGaGGAAgAGAagGaagaaaaagaaAGAGGGAGgaGaagAaGAgaaAGaAAAagAGgaGaAGAGaGaAAaaaAAaagggaAgGAG	BAAA?FEFFFFG@FFFGGEGGHGFEFFG@FFCFEEFGEFDFCGDGGFGGGGEDCFFFGDCGGDGGGGG>GGEGDEGFEFDGFG6DEGFEDGFEFGEEEG;EFDGFGDFDFGFGEEGGGEEGGCC@CC?CBC	A	79	G	52	41	37	38	15	0.03070
9	139327573	T	91	TttttttttTtttttttttttTtttTttttttttttTTttTttTTTTTtttttTTttTTTtTtTTTtTttTTTTTTTTTTTTTcccccTcc	AC?BB=ABCFEEDEEDEDCCEGEE:GEECEEEEEDEGG=FEFDGBEDGEFFF:GGF@;GGFGFGGFFFFDCFFEFFFFFFEEEE>>;:A??	T	84	C	7	36	0	48	7	0.03934
10	17365012	T	43	TAttTTTAtAAAAATTAttTTAtTTATaAATTtttAAtAatTt	ADFEFFEFEF>9FFFFFEFE@FFFFFFEEEEEFFFDDFDEEAA	T	26	A	17	14	15	12	2	0.02328
10	17365013	T	42	TAttTTTAtAAAAATTAttTTAtTTATaAATTtttAAAatTt	?BFGEEEFGFBFEFEEFEHEEFHEEFEGEEDDFHHEEDGGAC	T	25	A	17	14	15	11	2	0.04138
10	29759225	A	166	GAAAaaGAGGGAGGGGaGGaGGGGGGAGGGaAAGGGAAaaAAaAGAAAAGaaGaagAaAGGAGGGAAAAAGAAGAGGAGAaAAAAAAAAGGGGaAgGAAGGAGGagAGaGAagaaagAgAggAaaagGgaGGAAaAGaaaAGAAAgGgaAGGGGAaggAaaAAGGG	@EC@CCAG;CCHCCBCFCCFC9;CCCHCCCFHHCCCHHGGHGFHCHHHH>BGCGGDHGHBBGCBBG?GGHCGHBGBBGCGGHGGGGGGGBBB7DGDBGG@CHBBG?G>EBGFDGGFDGCGDBGGGGCBDGBBGGGFBGGGFBHHGC?:BB58>=BB<<B=?AC??C	A	92	G	74	59	60	33	14	0.02369
10	30317838	A	148	aaagGggagaGAgGAaaAaAgaAaaAggGGGgaGGaGAaGAgaGaagGaaGggGAGagGGGGAgaagGGGGaaGgGaGGaaGGAAagaaGgaAGGAgaGaAGGggaaAGgggggggAagaAgaGGggGGgaAgaaGaAagggGagaGg	CAC==<BDCGBGBCHFFHFHCFHFFGCCCCCCFCCFCHFCCCFAFFCCFFCCCBHCGCCCCBHDFFCCCCCGFCDCG@CGFC?CHBDGGCDFHCCHDCCFHC<DDGGGCDDDDDDDGHCFGEGBBDDBBDGGCGGBGGGDD>AB<@>@	G	83	A	65	43	20	40	45	0.01219
10	43292830	A	48	AAgGaaaaGGGAAGAAaaGggAGGAGAgaGGGGaGaaAGaGAGGGGaG	CAFCDFFFCACCDCHHFGBGGHCCHCHGGBCCAFAGG9B<BGB>A?D=	G	25	A	23	21	11	4	12	0.01349
10	81319214	G	119	TtGgtttGGtgGGGttGGtgtgtttTtGGtgttGGGgtGGGggGgtgGggtgtggGtggtGtGgtGgggtttGGggtGttgggggttGGGtGGtgtggTtggtGgGggggggggggggg	B?@CD=FECDEEEEEEEEEFEFEEEFEEEEFEEEEEFEEEEFCEFFG?FFEFEFFEFGGDEEEFEDFF8FFFEEEG>EEF7GGGGFFEEEFEEEGFGGFEGEFD@DHEHGEGGGEGG@D	G	79	T	40	32	3	47	37	0.00011
10	82276061	C	123	CtcCTctTTTCcTTctttCCtcctTTcCCcccttccCtTCccttCCctctTcttccctcCtcTtctccctctCCctccttttttttCtcccttctCCCCttccccCctctctctCtCtCCtCc	BC?B=<C>>=B>CDCGFFGGFBBFEEBEFBBBBG>BGGFGBBGGFHBGAGE?DGB7BHBGGBBGBGBBBGBGEEAFABHHHHHHHHGFC>AFGCHCFGGHHCBCCFCHCHCHCHF@FAFFHF<	C	68	T	55	25	11	43	44	0.04819
10	85974236	T	157	TttctcctCtCttCtTttCcctcCtttcccccCcCcccttcctccttTtccttctcTtttcccttccTctcccccTcctTtTtTccccctccTtcCTcccccCTcTtTttccctttTTcTtttcttctttTCcccctTttcTCCctcTTtTcctCcT	DA??B==B?B>EFBG@GGDBB8BDGGGBB:BBCBDBBBGGBBGBBGGH@BBGG@GAGDGGBBBGGBBEBGBBBBBDBBGGHDFFCCCCBGBBGFBDGBBCCC;DCGGDHHCCCHHHGGC?HFHC6HCHHCFCCCCCHFHFCFCCCHCFFHECBFB?>	C	79	T	78	13	24	66	54	0.03976
10	85974381	A	54	GAgAgAgAagAggAGgaagAagaagAagAgagaAaaagaAaaAagGgAggAaag	E@BDFEFEFFEF@BHFFFFEFFFFFEFFEGFGGEGFGGFEFBEGGHGDGGDBB;	A	32	G	22	14	3	18	19	0.03519
10	85981842	A	86	aGaGggGaaaaaaaaaaaaagaaAAAggaGaGgaGGgaagaAaAagAGaGgaaGAGAGGGGaaGAGAAaGGAAGaGagGgAAAGaa	=@CCEFEE<EEEEEEEEEEEFEEE@FCEEEEDGEEEFFE7FFFEFFEEFEFFFEFDEEEDDFFDCD9@FDDEEDFD>GDGEC>B?@	A	51	G	35	16	23	35	12	0.00213
10	100148176	A	173	ggGgAGaGGAGAGAAAAAgAGaAAGGAgGAAAgGgGAAgagAGAagagAAaAgaagGgaGGaGaggGAAGAaggAAggAaAAAAGAAaAAaggAGaAAaaagAaAAAaAAAGggGGggggaGaaggGaAgagGGAgAagGAgagAaGgagaagAAgAGgGAaGaagaaAaaaA	CC@BFAFCCGCHBHHHFHFHCFHGCCCFCHHFFCF?HBFFFFCEGFGFBAFHGFGGCGGBBGCFGGCHHCHGGGHBGE>DHGFHCHHFHBGFGFCGHHGEFGFGFGFCG?GAGC?B=GGFGBGGGG:F>DGGBBGGGEGBCGGGBGBFFFEGGGAFFAEAFGBCC>B=B@;@C	A	97	G	76	57	33	40	43	0.04813
10	124359524	C	148	CCCCCCCCCCCCCCtCCCCCcCtCCCcCctcctCCCccccCttcccccCcCccCcCcCCCCcctctCcCctCCcccccCcCCccCcCCCccccccccCCCCCccCCccCcCCCCCCCCcCCccCCccccCcCCCCccCCCcccCCCcc	@??F@EGGGCGFGGEGGFGGFBEDEEFGEEFFE>GGFFFFGEFGGEGGEGEGAGGGGGGFGGGEG>GG8GFGGGGGGFGGGGGGFAFFFGGGFGGGEFFFFFGGFFDGFGCFBFFFFFGFFGGFFGGGGF?FEFEFGGFFEFA>BB?D	C	139	T	9	78	0	61	9	0.00089
10	132915202	A	74	aaggagAaAaAgAAAGgaGGaagAAGAggggAGAagggggAAggaGAGagaAaaAGgAAgAaAGAGAgaAgAGa	C?ABFCEFHFHCHIHCCFCCFFCHFCHCCBDHCHFDDDDDHHDDFBGCGDGGGFGBDGGDGGGBFBFCFGBD@C	A	41	G	33	24	11	17	22	0.03739
11	294537	G	63	aaaaaaaaaaaaAAAGGGGGGGGGGGGGgggggggggGGGGGGgGGGGGggggGGGggGggGG	ACBCEEEEED@FA?7AADDED99DDDDDFF?GEFFCFDDDDDDEDDDCDGGFFCDCGEEEE?C	G	48	A	15	30	3	18	12	0.00667
11	552788	G	32	CGgCgGGcGGGccgcGcCCGGggcGccgcccG	DCFDFC<FC>CFCFFCGDCCCGGFBGGFGGE=	G	17	C	15	11	4	6	11	0.04161
11	1075850	G	207	GAgagaAAaGGGGAGgAGGaagAGaagGAaaGAagGgGaAAaagAgGAGGaaaGAGGGAgGgAagggAaaGGaGGAagGGAAaGAagaaagGAaagaggaGGaaaGagaaaaggaGaGaAaaAggaagggGagggAAGGagGAGGggggaaggagGggGgGGAgaagggagGaAggggaaaggGgaGagGGggagaGGGggGaAaGa	CCACC?A>AA>;@@BDEFFGGGDGFEDGFFF9FFFFFGFFFFFFCFGFGGFFFGEGFGDFGFFFFF;FFFGFFGGFFFGGFFFGFGFEGE?GFFEE=EEGFGGGGFGGBGGGFGGFEGGEGGFDEGGFGGGFGFGFFGGGDGEFG=GGGGFGDFGFGGFGFFEGEGGGGHGFGEEG7GGGGGGFGGFGEFFFGGAGEEFGGFEFACD	G	114	A	93	54	29	60	64	0.02251
11	1213440	T	386	TtccccctTTTtcCccTCctttccctctccctctTTTctcTCtTtccccTttttccctctcccctccccctctTcctctccccCctCTctctcccctTTtcctcttcTTtttcTctttccCctCctctcTTTTCTctttttTCTtcCTCTcTTCTCCtctcctcTCtcttCCTTctTCCTcctttttctTttCtccttccctttTtttccctTtttttttctCTccTtttCTTTCTttcttctTTTttCCTCTCTtctTCCtTTCCCTTTTcTTTcTTTTtTTcttcctTTTTTccTTTtTtTcctTTTTTtctTTttccTcTtccccTTTtTTTcccccctTtttccctttctTTTtccTTTTccctTTTTTTtctTttTtTttt	ACAC?C@?AA=A@ABAABBCBBAABCCCBDEEDEDFCDEDEFE;ECCDDEEDEAADDDDEDDDDEDDDDDEDDCDDEAEDDDDFDEEFDEDEDDDDEFFEDDEDEEDEFEEEDEBEEECDG<?FDDDEDFFFFFEDEDEEEABFBDGFFCDCDFEECEDDDDE5FFCDEFGGFFDD@EGDEDFF=EBDEF?FGE@EEFEEEFFFFFEFEEEFEFFFFFFFEFGFD?E9EDEBFFFFCEEEEEDE;F:FDDEFFFEFEFEEEFFBG=FEEEEEEEEEEEEEBFEEFFBEE>EDEEDEEEEFEFEEFFEEE>EF;FEC?DE@EEEEDEEEEEEEEE>EEEEE:@EFFFEEEFFFDFDDEFEEDDCFDDDDCDDBC>A?@BA;B>??BB	T	232	C	154	108	32	124	122	0.00000
11	1213533	C	369	CCcttCCCCtttcCCCCCCctcCccCcCccccCCCctcCCCCttCCCcctCCCcCCCtctcCcCCccctcCCccccCCCtccccCCCCCCtCCCCcttccCCcCCCccCCCcCCcttCCCCcCCCCcCCCCCCccccCCcCCCCCCcCCCCCCcCcCCCCCccCCCcCCccccccccCcCCCCCCCcccCCCccCCCCcCcccCCCCCCCcCCCCCcccCCccCCccccccCCCccccccCcCcCCCcCccCcCCCCcccCCCcCCCCccCCCcCcccCCCCccccccccccCCCCcccCCCCCccccCCCCCCCCCCccCCCcccCCccccCccccCCccCCccccCCCCccCCCCCCCCCCCcCCcc	BBCC@8>@?CCC?B@@DCA?DAFC>FAFAAABFGFBGBGF@AGGGGGBBGGGFBGGFGBGBGBFFBBBGBGGBBBBBFEGBABBGGGEFFGGFFFBGGABFE<GGABBGGGBGFBGGGGGG:GFFCCBFFGGEBBC:GFCEEFFFFCFFEGEGCGCGGGGFC;GGFCGFCCCBC=CCFCGFFEF=CCCCFEFCCFFGFC>C<CEDEEEFF?DGGEFCCCF?CB?DACC<BCFEFCCCCBCCCECFEDCECCFCFFEFCCCFEECEFF=BCFFEBECCCFF:FCC?CCCCCBCFFEECCCDFBDE@C@CEEFFDEEDDFCCFEE;;BEEBABBFBBAACC?@BB>>>=6ABB>C>>>>@BABAAA;C?@>	C	350	T	19	205	0	145	19	0.00000
11	5862984	G	118	gGGGCGGGCGCggCGgcCggCgCCgGCGCGGggcGgGgCgGCCCCGgcGGgGgGGCGgggGCGGcgggGCgGggGGCCcGgGGCGGGCGggCGcccGCCgCGCCggcCGgGCCCCcGg	A@?BACCFFEDFFEGFGGFFGFGGFHGGDGGGFGGFGFGFGGGDGGEHFFGGGBGGGGGFGFGGHGDGGGFGGGBF>FBFGFFFFFF@FFDFFGHHFFFGFFFFGFHBFFE=AC>@?D	G	75	C	43	42	33	33	10	0.02931
11	17663742	G	85	GGCGCgCcCcCCGGgCgCgGGCGcGCcGgccGgcGGGcCgGgGCCgccGgGGccccGGcGccgCGGCGGGCGCGGGcCGGGCGgC	@DDHEDFBGBGGHHC9DDDDHGHAGG@HDCBGCCHHGCGDGDGFFDCCFDGGBCBCGGBGAADBFFF?GGFGFGGFC>HFED<?C	G	47	C	38	35	20	12	18	0.04272
11	27379127	C	49	CccgccgcCgCccCCcCgcCggcccCcCgcgcgcgcccggggcccgccc	?DGEFFFEDFDFFDDFDFEDFFFGFD?DFGGB=G=GGEGGGGGGGECGG	C	34	G	15	9	0	25	15	0.04197
11	57334678	T	32	CtttCtTttCttccCttttctctctctctCtc	:C7BEDEEEFDDFFEEEEEFFGFFFGFGFEFG	T	19	C	13	1	5	18	8	0.02888
11	62434173	G	153	ggAGgggGagagaaggaAaggagggaGAaggGgaaAGAgaAgaaAaGGAAaaaggAAAaAAgAGgaAgggagggAaggaAgGAaAAAAGAaGAAgGGgAaAAGAgaAggAaaGAgAaGAAAGAGaGAAGAgAAAgaGaAAGAaGGaAAAaAGg	AA?=?AACECFCDECCFFFCCFCCCFGFFCCFCFFFFFCFFDGFFGGGFFGGEDD8FFCEFDEGDG>DDDGCDDF?DDEF>:;E6:EEGFGFEECFF?EGEEFE>GEDEBGHFADEFFEEEFEFGFEEFE@EDE?GEFFEECBBB?ACB=C?A	A	87	G	66	51	25	36	41	0.01430
11	63681648	G	52	AaGaAGgGgagGaGaaGgaGGaGgaaAAagGGAGAGGGaAGaGAaGAGGAgg	>=ADFGFGFFFFEGFFGGFGGEGGGGEFGFGFFFEFFFGEF>FEFFFDBAAD	G	28	A	24	20	10	8	14	0.04850
11	65733289	G	170	GGAGGGAagaAAGaGAAGGaaAGGGGAGAagaGAGGAaaGGaAGaAaaaGGAAGAAgAaGGGGGGAGggGGaaGAGGagGGGGggGGAgGAgaggGAaGgGAGGAAAAGGGgAGAaAaAGGGAAaggGaGGaagaaaaGggGGGGgaaAGAgGgAAgagGAAGGaGGggG	?>BBCDDEEEFEDEEFFCDEDFEC?EFDFDDEEFEDFEEEEEDEEFEFFDDFEDEF?EFEEEEEEFAFCEEEFEFEEFFEDDDGGEEFGDEEFGFDEFDGDEDEFEEEDDDGBDCEEFEDDDEEFEGDFDDFEBCEFFDGFDDDDFDFEDEADGDDGFFDEECCCC@>A?	G	96	A	74	70	40	26	34	0.01493
11	65733393	C	187	ttctTtttttCCTTCctCTtCtCttCccTTTttTttcttCCccttccCtctttcTTTcctttCTTCctcttcttTtcttCtCCtCTCCtCttCCTttCcCCCtCccTCtCttcCctTctTTtTCtTCtCcTtCtcTcttTTcccTTCTtccTttCcttCTCcTCCctCttcctTcccttCTtTctct	CC??AC>CDB9AFECAGBGFDFDAGD:BGGGGGGGGBFGDDBBGGB5DGAGGGBFGGBBGGGDGFDBGBGGC?FGGBGGDHDDHDGDDGCHHA8F:HDC@D89DCCGDEDGHCDCHFCHFFHF;GFDHCCEICH<DCHHEFCCCFFC>AB=FFGC=HGCFCCFCCC?CHHCBGFACBGFA@CC=;<A	T	105	C	82	35	41	70	41	0.02483
11	67786398	T	45	tccttttttctCctCttcttCttcttcCtttccccccctcttcct	BBAACBBEFCDDDDDEEDEEDEEDECDDFFEEEEDEEDEDFGEEF	T	24	C	21	0	4	24	17	0.04017
11	68839949	C	32	CCCcTTTtTTcTTCCcTCCCTcTCcTcTTTTT	@CGBCEBHEECDDFF<DFFFDCDFCCADEBA@	T	17	C	15	16	9	1	6	0.03297
11	73620537	C	166	GGgGCcGGCGCcCGGCGcgcCcGcCCGCGccgGGCcGCGcGCGccCGGCGcGGgCcgCCGCGccCCCGGcGCCgcCGGcCcgGcCcgggcGgGgCgGGCcccGGGGggGCccCCCcCcGCGcgCgCGcggCcGcGGcGgGccgGggcgcccggCccggGCCgCcGc	==>>?B@AEDDE@ECGEDFDFDDDGGEGEDCEEEGDEF8DEEE<DGEEFEDEEFGEEEFDEEDCGEGDEEDFFGEFEDEGEFEEFEGGFEEEEGGGDEFEEECCEEGFEFECEFE@EADEDFCEFFBEFFFEDDDDEDGCEEFDF@EGEEEBFFEEFD=AAB>??B	C	86	G	80	41	51	45	29	0.04303
11	74303841	T	63	tCtctCtTCctCCtttctCtctcCccCcttTttttccttccccttcttctcttttccccttcc	A=:@BCCFCCDDDEEDDEDEDEDDDDCDEDGEFEE=?DFEEEEFFEFFECB:EEEEFEE?E<E	T	32	C	31	2	8	30	23	0.04332
11	78489798	C	39	AcAaAaacAccAcCccccacacAacaccaacaccacaca	C?ACADFDFCDFDFDDDDEDEDFEDEEEFBEFEEFEFEE	C	20	A	19	1	6	19	13	0.04360
11	78498022	C	113	ctTtCcTtcCcTTtCcTTtttTcttctcCtttcCCTtttTtcttCtCtttCcttCtcttCttcCctCtctcCttCCtcccCcttttcTtCCcccCcCCttcccCcctcCtcTc	CC>CFC7FBEAEAGGA=FGFGFBGGBGB@EBG@FFFGGGFDBGGGGAGHGFBHHFFCH@>DHBECGFHCFCBGHGFH=CCECHHHHCEGEECCCE8FEHH@CBFCBGCBG;?8	C	57	T	56	24	11	33	45	0.01421
11	99690461	A	153	AGaGaAAggAAGagAgAaagaaaAGgaGAaaaaaAaAaAAAAaaaggaagAAggggAAAgAAaaagggaGGaAaAaaaaaaaaagAAgggAaggaAaagAaaAagaaaaAAaaaAAAAAaaAggaAaaaAAaaaaAAAAaAAaAaaaaaaaAa	>;5BDBBGE@FGFFEFFFFFFFFFGFFGFFF>FFFDFFFFFFFFEGGFFFEFFFFFFBFFFFGDGGFFEFGFFGFFGEGGGG<GGCFGGGFGE?EFGGGFGGEGGEGGGEE>GGEE@EEBGEGGGEFGCEDGEGDCEEEGEEGEEG9EGEDCC	A	119	G	34	49	7	70	27	0.04235
11	102988504	A	125	TAAtATtAtTTaAtATTatatATAttTTtAAaattaAttAtttaaAAAaATtaAAAAAAaaATaaTAttATatttATttaatttAAaAttAtAatatTtTTTTTatAaAAaAAAaaTTttaaaat	>CC@D@FFGGGFHGHGGFCFGHGHGGGFGIHEFGG@H=GGGGGGGHH=EHGHFEEHBH=GGHFGG:FHHH7GGGHFGHHGGHHHHHGHHHHHGGHGGFHFFFFFGHGGGGHGGGFGFEHGGFDAC	A	66	T	59	37	22	29	37	0.04828
11	121393450	G	115	aaGgGGGAgGgAGGGaGagagGaAgaaaggaagGGggGGggaGggaaGaaaagAAgAagaaAGGggaaAGaGgGGgGgagGGgaggGaGAaggggGgGaaagaGGgGggggGaga	C>C>=DDBFHFEGHHFHFFFFHFEFFFFFFFFFHEFF;HFFFHFFEEHFFE>FEEGEFFGEEHHGGGFDHGHGH<GHGGGHFG:GGF:GDBDGGAFDGGGE:GGGFGGFECDBB?	G	72	A	43	33	9	39	34	0.00915
11	123886549	G	70	AGggAggGgGAgAGAGAggGAGGGAGGAGAGAGAGGGGGGAGGAAGGAAAGGGGGAAGGGGAAGGGAGGG	BBDCFBDEEEFF:EBEDFFDEEEEFEDEEFEEAED9DDDDEDDEDDDEEEDDDDDDDCCDDECCCBC>AA	G	47	A	23	39	23	8	0	0.04614
11	123886717	G	378	GGGGgaggaaGGggGtggggGGGGGgGGGgagGggagGgggGGGGGGGGGGggGGGagGGGGgggggGGggagGGGGGgGggggagGGgGgGGGgggggagGGGaGGGGGgGGgGggGgggGgGggggagGGggggGGGggGGgGGggGGGGggggGgggGGggGGggggGGGGGggggGGGGaggggggGgGGGGGGGGGGGaGgGgGGggggGGGGagGGggaggGGgggggggGGggggGGGGgGggggggGGGggGaaGGGGGGGGaggagagggGGGggggGGGgGaGgggGGggaGGGgGGGGgGgggGGgggGGGGagaGgggGGgGGggggGgGGgggggGggGGgGGgggggGgggggGGggGGGgggg	@=>ACAC?C?5;?@<;AAA@>>===BAAACEBCCCFBBCCBCC7CCACCCCCCCCCFCCCCACCCCCCBCCFCACCCCCCCCCCFCCCC=CCBCCCCCCFCB??F=CCC<@CCC?CCCCCCCCCCCCCFCCCCCCCC=CDDCCCCCBBCC<CCCCCBCCCCC@DACC>DDCCBBCDDDCC8CCGDDDDDDCDCCBBBCCCCCCGCDCDCBDDCCCCCCECCCDDGDDCC8DDDDDDCCCDCDCCCCD?DDDDBDABCDDBGGBCCCCCCBGDDGDG@DCBBBDDDDBABDBGB:DDBBDCGBBBDBBBBDBEEDBBEDDBBABGDGBDEDBBDBBDDDDBDBBDCDDDBDDAABA?@A@@A>>==<><<=<A??AA?A	G	353	A	24	175	0	178	24	0.00000
11	123893801	A	156	AaAAAAaaAAaAAAAaAAAAAAaAAaAAaaAaAaAaaaAaaaaaaaaaaaaAaaaaaaaaaaGAAAaaAAaaaaAAAaaaGAaGaAAaaaaaAaaGaaaaaaaaaaaaaaaaGaaaaaaaaaaaGGGaaaaAgagaaaGaaaaaaaaaaaaaaaaa	BC9<;BDEEDF?FFEFEFFEFFFFEFEEF@FFEFEEEFFFFFFFFFFFEEFFFEEEFGFE;<GF?C@FFFEBFFFF?GEGGDGEGFFGGFGGCGGGEGGGEGGGGFGF<FGGGEGG8@FGFGFGFFFGG=G=GGGDGGFCGGGFEGGGAGGGEDBB	A	145	G	11	39	9	106	2	0.00045
11	134182856	A	29	GGGGaaGgAagGgGGaaaggaaggaggaa	@<8AFFCCDFCCCCCFGGDDG?8DGDDHG	G	17	A	12	8	1	9	11	0.04317
12	7025748	T	27	tttttttCccCtTtCCCCCCTCTTTTC	BBEDEE;ADD>D>FFF=FEBEEEFBB?	T	15	C	12	6	10	9	2	0.04733
12	9264946	T	130	tgggGTTGTgGgTgGtGGGGtGtGgGtGGGGGTGgtgTTTGTTtgTgGTTTtggGTGGTGTTGgTGtTTgggGTGTTTGTgTtTTTTTTGgttTTTTTGtTGgggggtTGGgGTTGGTGTgtgTGTgggg	C>AA@?@CFEEFCFEEEEEEEEEEFEEEEECDFEGFGFFFEFEDFCGEEFFFG9EFEDFEFFDGD=FEEGGGDDD?EEDEGEFEEEEDEDGFFEEDEEDFECGGGGGFEDDDD@EDCECEC@?AABBAAD	G	69	T	61	38	46	31	15	0.01767
12	14628773	C	34	TCCCCTCCTCCCTcTTTCCTTCTcTcCTTTcTcc	FGGAGGDGGFGD@CFEFFFFFFFCE9CCCC<=@@	C	19	T	15	13	15	6	0	0.02390
12	18234422	C	83	cCacCCCCaaccaaacCcaCCaccccaaaaaccccCacaaaccccCacccaccccacaccccccAaccaccaccacacaaccC	A?@?B@A>BBEEEEDGGFAGGDGGGGDDDDDGGGGGDGDDCGGGG<DGGGDGGGHDGDGGGGFGFEHFDGGDG@EHEHEE<A>	C	54	A	29	11	1	43	28	0.04910
12	25254975	A	118	CaCacacCccacCCCCcaaacaCaaACaaacAACCCaacaCcccaCcccccCaaaCacacccaccccaaAaacccacacaaaacAaaCcaaccccAccaaccaaaccacCccccacCa	DA=AC@DCEEAEDEEFFCDDGDFDDEFDDDGFFFFFDDGDGGGGDGGGGGG?DDDFDGDGGGEHHHGDEFEEHGHEHEHECEEHFEEFHDEHHHHFHHEEHHEECHHDHEHHGHDDB>	C	67	A	51	19	6	48	45	0.03995
12	49230035	T	64	GTgTtgTggggGggtTggTTgGggGTGTGtgtGgggTtTtTGGTTTTGgtTGGttgTTTgGtTg	B<DEDFFFFFFBFFDGCFFEFEGFEEEFEEGEEGGGBEEEFEEEEEEDGFEDDEEGCEEDA@A@	G	34	T	30	13	20	21	10	0.02730
12	51585599	T	58	gtttGtttGggtgtgtggggGtGtgggGttttttgttttttGtgtggtgttttgtggg	C?CFCGGGCCCECGCGCCCCCGCGCBCCGHGGGGCGEHHHHCHDH@CGD5HIHEHDDD	T	31	G	27	0	6	31	21	0.00731
12	51585601	C	55	cccccTttctctcttttcTctttTcccccctccccccTctcttctcccctccttt	?DGFFEEEFEFEFEEEEFFCEEEFFFFFFFFFGGGGCFGFGFF@E:GGGGGGFFF	C	31	T	24	0	4	31	20	0.03116
12	52711590	G	33	ggAAGgGGGGgAagAgAaAAggAAaAAGgAAgA	ABHHCC>ACCCHGDHDHGHGDDHHGGGBECFBE	A	17	G	16	14	6	3	10	0.01336
12	52825363	G	68	AaAaggaAAGGAaaGggAAAgGgaAAAGAGGAAgGAaAGAaaAGGgAgagAgAggagAAAAAgaGAgg	E?@C@AEGG@CHFFCCCAHHCCCFHG;CHCCHGD@EGHCHFGHC:DHDFDHDGDDEDGEGGGDGBFB=	A	39	G	29	27	12	12	17	0.02742
12	54963907	T	62	TTTTTTTCCTTTCTTCTCCTCTTTCTCCCCCTTTTTCCtCtCCCCTCTTCCttCTtCCCCTt	EEFEEEEGGDEEGEDGCGFDFDDDDDFFFFFDDDDDFFEFEFFFFDFDDFFEDEDABBAA@B	T	34	C	28	28	28	6	0	0.02801
12	85277561	T	106	ATTTAATTTATTTAAATAATTTTtATATtttATTTATATAAAttTTtTtAATtTAAtAtAttAAAATttAAtAtAATTaTATAATtTatatTTaaTTtTATatATa	BEGGEFGGGEGGGFFEHFFGGGFEFFFGFFF5FGGF<FGFFFFFGGFGFEEGFEEA?EFEF8EEEE@FAEEFEEEEFFEFEFEEFFFFFFFEFEBEFDFCDAA:AC	T	62	A	44	40	37	22	7	0.02893
12	112590640	A	35	GaaGggaaagggaaaaaaGGgaggagggaaGggag	<EFBCCFFFCCCFF<F<GCCDGDDGCDDCGBD@@A	G	19	A	16	5	0	14	16	0.04927
12	129348666	C	46	TtCTTTCCTCTCCTCCCtttCTCTTTCCTtTCtTttCTCCCCctCc	C>EDEEG:E:EGGEGGGGGHECEEDDDFDHDFHDHHF@FBFFACA>	T	24	C	22	15	20	9	2	0.03757
13	25027744	A	226	GAgaAAAGAGAagGAGAGAAGGgaAgAAGgAGAGGGAAAAAagGgaAGAAgGggaGGagaaaaGGAGGgaaAAaaAAAAAAAAagAGagagAagAAGAgggaAGAAggaAaaGagAgaAgAAAAaaggggAgaAAgGGGGgaAAaGgaaAGAaaAgaAGgGagAAaagAgAggaAaagaaAagaaAAAAGggGAggAaGggGAggggaGAggAaggaaagaggaaa	@BCC@C@9C>DDGAHCHCHFCCFFGFHHCFACHCC6HDHHGFFC=FHCHHFCFFFCCFFFFFECCHCCFFFHHFFFHHHHHHHGGHCEGFFHFEBHCGGGGGECHHGGGGGGCGGHGGHGCFGHEAFFGGHEEHHGCC<CGGHHGCGGGF;GGGGGGGBGBGGFG=GAGHGDDGGGGGHGGGGGGGGGGBGGBGGDGEBGDBGGD9DGBDGGFFFFDC???ADDCD	A	129	G	97	73	39	56	58	0.01605
13	46937193	T	110	cCCTCcTTCCTCCCTcCTTTTTTTcTcTTTTTTTCTCcTcTCTCCTCCcTCttTcTtcTcTTtctTTtTTCtTTCtcTctcctTTtccCTcTTcTTccTCTTctTTCCct	EDFEFGFFGFFGGGFGFFFEFFFFGEGFFFDFFFFFEHEHEGFFG;9FGEGEEFHEDGFHFFEHDFEEEEEEEEEEGDHEHHFEEEGGEEHEEHEEHHEEDDHC?AAA@>	T	63	C	47	50	23	13	24	0.00110
13	99948097	A	169	AGGAAGGAaaggAAGAgAaAAAGAAgAGGgaAGAGAAGAAaagGAgAggGgGGgAaaaAAgAAGAGAaggGaAgaggaaaggaGgagGAAGaGgAgaGGaAaaaaAAagaAAggAAggaaAAAAAaAgAgagAaggAaAAAggGaAGAaAGGagagagAGgagaaAgga	E>;@B?AGCGGGGHAGFHFHFHCHGFHCBFFHCHCHF>=HCFFCHFHFFCFCCFHGFEHEFCH@HBH8FFCGHGGAGB<GGGGBGGGCCACGCGHGEC?GH8GGDHHEDGHHGGGHDGFFGGGG@FGGGGGGGGGEGFGGGGGBGGBGFGBBEDFGEFHC@FDDCC@=D	A	98	G	71	57	29	41	42	0.02985
13	101289969	C	88	CTtcCCcctCCCctTCCCtctCcttcCcctttcCCCCtTCCCCTcCCCtcctccCcCccttcccCTtTCCttctcttCccCCcCctCt	DB??B?>=GF:EAGEFGFGBGEB??BG@BGGGBHHGGHEGGGGEBFGGHCAHCC?BG@CHGCBCGCHDGGHHAICHA;CBDFCFAHEC	C	59	T	29	32	6	27	23	0.00312
13	110861081	T	101	TCTCTCTCCTCTTCTCCCCTCCCCTTTCTCTCTCTCTTTTCctTTCTCCTCTCCTCTTTTTTCctTcTCCCTCccTCcTCCCCTTTCTTcCCccCCcCCCc	@FGGGGGGGGGGGGGGEGGGGGGGFEGFGFGGEGEGGGCGGCGGFFFFFFFEFFFFFFFFFFFCHEBFFFFFFCCFFCFFF?FEFFFFEBFFBBBD@B@>>	C	57	T	44	46	42	11	2	0.03605
13	113899447	C	209	aaCCCaACccCaAAacaCccCaaccAcaaccaACaCAaCaacaCCacCAcaACCAaCAAcaaaaCCcacaaCcaaccaCcccaccaacCaACCaaacCCcaacACCCaAaaCAaAccCaaaCacacCCAccCACccAcCcACaacCaaacCaaCaCCccACcacacaaaCAccccCccCccaAccccCCccCCccCaCaAAAAcccacc	CA?=>BA=A@>>=EFEEDDDDEDDDECEEDDEGDEDFEDDEDDDDE=D=DEHDDHEDHHDCEEEDDDEDCDDDCDDEECADDEDDEDDDEHDDFAFEDCEFDEHDDDDHEEAGF;AEC=FFDEEE@D@CEEDHDEEHEC8CCFDECDFFECFFCFCCEEGCEFFEEFFGCGEEEDCEDC;E8GDEEECCEEBBECC<CDEDEC@?@:BC	C	118	A	91	52	27	66	64	0.04375
14	21971729	C	87	cCgcccCCgggcCGccGcccgCCGccGgccgccGcGcgcgcCcGgcGcGgccGCcCccCCcGGgCGcCccGGGCgGgCGCGGGCGGc	A8B@@BG;CCCBGGBBGBBBCDGGBBG:BBDCBGCGBDCCBFCFDCG?GCCCFB>FCCFFCFEEFF@CCCDFF7DF=FEFFEFFEC=	C	50	G	37	17	23	33	14	0.01615
14	23248112	A	43	aaaGGGGGgGagaaaaGaaGGaGaGgAAaGaggggggaagagg	>DCFEFGGDGEECDEEGEEGFDFFGEFFFGFFFGGFFFFD?@C	G	24	A	19	12	2	12	17	0.00867
14	24760808	C	68	ccCTCccCCcTCTcTCcCTCTCccTTCcTTtCCTcTctcTtcTCTCTcTtcccctcTTTTCcctTCTt	CCBGCBBDDBHDG8EDBDGDFDCCFGCC=GHDDGBGCH@GHAFCDCFCBHCC@DHCFFFFCCCHECEC	C	38	T	30	16	23	22	7	0.00636
14	35591174	T	225	TTtTTCTtTCCCCTTCtTcTTtCTTCcTTttCCtcCCCTctCTTtTtTTctCCccCTtCtttcCTCTtctcCttCTtTCttTTTCCtcCtccCttCccttTCCtCCtCTCCtcctttTCTTCtttTTCCCTTCCccCCccCtcCCtCCTccTCCttCCTCtTTTcTCtCtcCCcttTtctTtcttttttCTTCTCcCcTTTTtcCccTCtCTCTtccttcttccc	B>?:>B?ADGGGGEE=ECDEEDGEBFBEEEEEGEDGGGDDEHEF@DAFF@EGGDDGCEGEEEDGEGEEDCDGFFGEFEGED@DEGGFEGFEEGFDGEEFFEEGFDFFGEECFGEFFEEEEEGFFFEEGGGEAGG?DG@EEEFEGFEFFCEEDFFEFFFDFFDDDEDFFFFEFFFFFDFE=DEEFE7FFFFDCFDFEFDDDDDFEFEECDFEDFD?A@=A@?;=BB	T	119	C	106	57	66	62	40	0.03284
14	38064215	G	107	CgCcCgCCgCgGGcgccCGCgccgccGcGgCCcggcggggCcccggcggcggcgCggCggcggcgCggcgccgggggcgcgggcccccgcccggccgcgcgccggcg	DC?B<BCEFE<H@FDEEGF=FE=FF;EFHFGGFFDFFFFFGBFF=DEFFBFFFFGFFGDFFF;FFDFFGFFFFGEFA=CG=FGFGEGGAGEDGGG;GGCGHGG:GFD	G	54	C	53	5	14	49	39	0.02409
14	38092025	G	52	ggGggCgGGGGGCGcGCGGGCGgGCCGGCCCCCCCgGCCgCgGCCCCCGGGg	CGFEFGFGDGFFGGGFGGFGGGGGFGFGFGGGFFFGFFFGAGFFFFFFEE?B	G	30	C	22	20	21	10	1	0.01576
14	38092026	A	52	aaAaaTaAAAATAtATAAATAaATTAATTATTTTTaATTaTaATTTTTAAAa	DEDEFGFFEFBGFF:GFEFGFGFGGFEFG@FGFFFGBFFGEGEFFFFFDD5@	A	30	T	22	20	21	10	1	0.01576
14	59950676	A	72	AACaCAAaaCACaACCAacacAAaCaCaCCCaCCaAAaaAAACCCCAAAacCCcCCaCCccaACcACCAcaa	=EGFGFFFFGF@FFD:9FBFBFEGGGGCDGEGGGGEEGGEEECEFFEEEGAFFCEFGEFACGDF?CCCB<;C	A	38	C	34	20	26	18	8	0.04965
14	61857969	A	69	aaAAaAGGAGAAAAGAAGAAAGaAAaaagAGAGAGAAaAgGGaaaGGGGGaagaaGGAAGGGGAAGgGa	?BE;FDHDEGEEEEFD6GEDEHGEEGFGGDHCGDFDDGDGGFGGFGFGGGEG<GEGGD@GGGGCCGE@@	A	41	G	28	25	24	16	4	0.03238
14	70235741	G	106	GAAAGGAaAAgaggGAAAagAgaggaggggAgGagaggaaGaaAgaaagggggaAgaAaaAgGAaaaaAGgGaAgAGggaaaggaAgAggaAagAAGGAAaGGAgA	D@<ABABFEEEFEFGFFFFFFFFFFFFFFFFFCFFFFFFFFGF:GGGG7GGGGGFGG>F=FGFFGGFFFFGGGEGE@G:GGGGGGEEEGGGEGGEEFFDDEEGECA	A	58	G	48	28	14	30	34	0.04946
14	76432136	T	49	TtccctTttttctcccccctcccctttctccccctcTccccTttccttt	DA??EAGCDDDFBDGGGGGDGGGGDDDGDGGGGHEGGHHHHGDEHHD@<	C	27	T	22	0	4	27	18	0.03452
14	77332408	T	71	TCtctcTtCCCTccccTcttccTcTTctTCTtcTtttTtctcTtttTTTTttcCTctttTccttcTctTcc	C>E@HBEGGDFEBBBBEBGGBAEBFFB?EGEFCFHHHDGCHCFH>HED>EHHCEEDHFH5BBHCBEC>D<5	T	43	C	28	20	6	23	22	0.04414
14	100795139	G	115	ttGtTtTtgtttgtgTtttgtGGttGTttgtTtgTgGttGGttGGGTTttTtgGGTGtGTtgGgGGTTTtGgtgtGtGtTtGGTttgTTGgtTGgTtgggtgTTTtgGGgGgtGG	<?7DCFFF@FGGCGCGGEG@8CCGGBGGGCFFGCGCCGH;CHFCCC<GFHBHDCCGCGCGFDCCCCGGGGCDHDGBHBAFCBBFHHDFFBDGEBDFHDDDH<FFECDCBC??BAC	T	64	G	51	23	29	41	22	0.03761
14	103568981	A	85	CCCccaAcACaCACCCAaaAAcCACcCCaCCAcAaaACCAACAaAAaaCCAaaaaCcAAaCAACCCaaaAcAaCAccCCacaCaa	A<AC<EHBHDDDHDDDHFFDHCDHDCDDGDBHCH=GHDDGHAFGEGGGCCBGGGGCDGGCCGGCCCGGCGCGGCGCCCBDCG@??	A	46	C	39	23	28	23	11	0.04822
14	106354531	T	186	TtTTTtTTttTtTTTtTTtTtTTTtTTTTtTttttTttTtTTTTTtTTTttTtTttTTttTtttTTtTttTttTTtttttttttTttttTtttTTtTttccCCtttcCCCCcccctcccccctcccTTccTttcTTCtTtctctctCCtcctcctccTccccccttcCCccttcCcttctCttctt	?BAB?DCCGGDGGEGFDGGGGGF5GCGGGGGFGGEGGGGGGGGGGGGGGFGGGFGGGGHHGHFHFGFGHHCHHGGCGHHBGHGHGHHCHGHHGEGHEHBCCCCHEHCDDDCCBCCHCCCCBBHCBBCFCCFHIBFFCIFHCHCHCGCCCB?HCCHCCFCC@CACHHACCCCHHCCBFC=BAA9;C>	T	132	C	54	54	13	78	41	0.04282
15	33359370	C	102	cccCCTctTcttCccTcTccCTcCTtCccTTCcTcTCTCCTTcTcCCTCtTTTTTCTtTCcTTCTTTctTtTCCtCTTTCttccCcTTCTCtttTTTtttcc	CCAAAECDGCDED@BGDGDDDGDEGEDDDG=DDGDFDGDDGGDGD@DGDFGGGGGDGFGBEFFCFFEEEFFFCCFCFFFCFFDECE?FDDBBBCCDCA@>=?	T	55	C	47	38	23	17	24	0.04485
15	34112825	C	75	TCCTTCCCTCCTCTtCCTTTCTTTTtTtTCCCtCtCTCCcCCcCtCCttTctTCCtTCctcCCtcttctCCCttt	ACEFEGGGFFGAFEEGFBFFEFEFFFDFEEFEFFFFECEFFFGFFEFFDEFFEFEEEDGFGEFEFCBB@AA@>>C	C	38	T	37	31	19	7	18	0.00722
15	40269052	G	81	GgaaggaaaGgaGAGaGGgGGGaaaGgagggaGAGaaagagaaaaagaagggaggaaagggGgagagaaaaGgggagGggg	>ACDDEDDE=FECCCECCFCCCEEEC=EFEFECHBEEBFEF8@DDDFDEEFFFFFDFFFGECFEGEFBFEECG6GD:B@BA	G	45	A	36	15	2	30	34	0.00235
15	42139642	C	87	TttCCccCtCtcttTTtctTcCtTCcCctCTtCtCTCcttCtCCCctCCTcCcctctcTttctTCcCCtTTTCCtcCtCtTTCCtCt	?@C@A=@DFDGBGGGGGBGGBD?GDBDBGDGGABDGDCFHDHDDDBHDCFAC<CHCH@FHHCHFCCCCHFFFCCHCCHCBDEAACCB	C	45	T	42	28	15	17	27	0.01838
15	51868373	A	60	gagaggAgaAagagaagggaaggagAgaaggggggggaagaagaggggggaagaaaAaaa	CCCAAB@ABBCBCBEECDGFEEEEE:EFFFEFFFEFFFFFFFFFFFFFFFCCFDFDGD<7	G	31	A	29	0	4	31	25	0.04871
15	64428559	G	119	gAAAgGGGGGGAAGAAAGGAAAGAGGGGAaGGGAGGAaAgGgGAAgaggAGAAAGAGAAgAAgGggAGAgAAAgGGAggAAAGGaGAAgaaGGAGagAGAAGaAaggAgAGagAAggGg	A?:?BDCEEEEFFEECFE:FFFFFEEDEBDE=EEEAEEFGEEEFFGEGGDEEAFCEDEEGEEGDG?EDEGEDEEDDCGGECE?DEDEEGECDDEDEEEDEEDEEEGGDEDD:AAA<;<B	G	62	A	57	38	47	24	10	0.01448
15	66821174	G	93	GCCCCgGgGCgggCCgCgCGGGCGcGccGGCGGgGGCCGGCCCCCCcGCCCGggCGGCGCCGcggGGCCCggGGGCCCggGcGGGCGgGgCCg	A@E>5F9G?EGFGEGGGFG@CD>DFDGGDDFDCGEDFEDDEEFFEEGDEEEDGGFDDEDFEDGFFDDEEFGGCDCCFEGGD8CBCB?A<BCCA	G	52	C	41	33	35	19	6	0.02019
16	772620	T	33	TTtTttTTTTTTTTTTTTTTTTTTTggggggTT	?=>BGDEFEEFFFCFFFDFEFEEFD:7CCECD:	T	27	G	6	24	0	3	6	0.00008
16	1494075	A	72	TtatttAttaAAAttAttttATtAaaaAAataaAtaatTattaaaaATtAAattAataaAttAataaaattt	A@B@@CDEDCBFFCDFDCDDFEDFDDDGFDDDDFECCEFE;EEEEEFF?EFEECDEDEEEEDEEAEEEEEEE	A	40	T	32	16	4	24	28	0.01603
16	2301520	G	40	GCCGcgcCGccCgccCCcCccGCGGccCGCcCccGGcGCC	6DD>DFDECDD?FEEDD?DEDB@BBEECBAECEEAAEACC	C	28	G	12	13	10	15	2	0.04084
16	2749195	A	160	AgAggGgaggaaagAAagaagAAgAGAgaAaAagAGggAGaagGggggaGaaaaAgGaaGggGggGaaaaggagAAAGAgggaaggggAAAAaaagaAggaaAAAAGaAaaGagaaAggaGaagaagAAgGAAaAGgAaggAAgaAaAgaaaggAGagaG	@CC@<?CCCDFEFCHHECFFCHHCHCHCFGFHFCHCCCHCFFCCCCC<FCGFFFHCCFFCDDB@DAGFGGD?GDHGHCGDDDGGDDDCHHGHFF<DGHDDGGEHGHBGHGGBFDDGF@DEBGGDGGDGGDBGFGGBBGG9CGGDEGGGDGHGDDGBC?=A	A	91	G	69	39	18	52	51	0.03134
16	3533577	C	66	cGGccccGgcGcgcggGgcccgccggGGgcgGcccggGGgccccgggGcgCccgcggggcgccggg	A>=@>BAEFAE@FDFFEFDDDEDD7FEEEDEEDEDEEEDFECEEGFEECGGEEGAGGFGEGEEFEE	G	37	C	29	11	1	26	28	0.00839
16	10855341	C	43	tcTcccccccccccTccttTctctccctcctccttttcttTtc	CC@ABBBBAB7B=BBBBGGBB7AH@CBHCBHCAHHHH<HHEH>	C	25	T	18	0	4	25	14	0.02480
16	11002904	G	104	GgAGGAGGGGAGAGAGAAAGAGGAAAAGGGGGGGgGGAGAGGAAGggAAAGgAGgAGAAgaAAGGgGAAggGGAGgGGAGAAgAGGGAggAAGGAGggGGAGGa	;DH@CHCCBA<CHBHCEGGCH@CHHHHCCCC>CBDCCHCHBBGHBEEGGGBDGBDGBGGDGGGBB@BGGDCBBGBCAAFBFFBGBB@G??BB?=>>?=A???@B	G	64	A	40	48	38	16	2	0.00826
16	47698744	A	93	GAAGAAAGAAGGGGaaaGGAGGGGAAGGAaAGaAAAGGGaaGaGAGGaaagaAGAgaaaAGaagaAGGgAggagAGAGGgAAAGGaaGggAAG	BFEEF;FEFFEEEEEEEDEF?EBE<FEEEDFDEFEEDEEEDDDD=EDEEEGDBDEFEEEEDEFGEEDDGEGGEFDCECCEECDAA?@A?>A<C	A	49	G	44	28	34	21	10	0.04891
16	66614008	T	253	cttTtcCtcCcCTCTCcctcCTTccTCTTCctTCCCCCTCtCTtcccCCttcTTtCCcctCcccCTCCCcTTCTCTCCttCCcTTCcccctcTTTCCTtcTTcTcTcCtccccctTTCcTTccccCTcTTtTCTcCCTTtcTCtCTTCtcctCCTttcTctcTTttTctCCttCccCctctCctctcTctCtTTccctcCTCTcccCctccTTCcctcctcTcttTTtctcTcTTttCTTtTcCtttCtTTct	CC?B7DB<EFHGG>GFFGDFGGAFGFGGGGGBGGFGGGAGBEFDGGGGG@DGAGDDHGFDGGGGGGFCFGGGGFGFGGDDGCFGGGGHGG6GDGFG>DEGFGGGHFHFEH@HHHEGFGH9FFHHHGGHGFEGBFHGGGGEHGGCGGGGEE>EGBFDEHGHEHGFEEFBEFDEEFHHFGEHEFHEHEHEHEFEFFCHHECFFFFBHHFHEHHFFFHHEGHEHFHEBFFEGEHFHEFEECFCDDDC@@=B<C?EB	C	135	T	118	57	65	78	53	0.04449
16	70796515	G	106	aaGaaGGaAgGAaagaAaagGGGaaAGggGggaaagGAGaaaGgAGaagaaaGgggagGGgggaGaggagaagaGgGgggggggaggagGgaggGgaagaaagagg	?A;CCABG@CEDEFCFFFFCEEDFFFECCECCFFFCEFFFFFEC=EGFCFFFECCCFCEEBDDGCGDDEDGGDGEDDCD?DDDDGDDGDDDGEDDB?<DGEF?>AB	G	61	A	45	21	6	40	39	0.01456
16	72054984	G	98	TGTTGTTTgTGTGGTGGTGTGTTgGGtTTGGGGGTGTgGTGGGGTGTGTtGTgGTTTTTTTTGGTTTTGTGTGgTTggGggGTgTTGGGTGgtGTgTT	BDGFFEGECGGGGGGGGBBBFDFDGGHBGGGGGGGBGDGFGGGGGFGGGHFFDEFFDFFFGFFFFDFCFFEFFDFFDDFCDFFDAFEEECE@DCC??A	G	50	T	48	38	45	12	3	0.02285
16	83065664	G	75	GGGGAAAgAGGgGGAAAAggGGAAgGAGGGgAaaaGAAAGAGGAAagAGAAaGAgGaAaAaAAggggggggAAAA	<BBCHHHFGCCGA;HGHHGGAAHHGCHCCCGHEEECGGGBG?BGEEGGBGGDBGGBEGEGEGGE?FBABBAACA@	A	38	G	37	30	21	8	16	0.04972
16	85775097	G	31	GcCCGGGCcCGCCcCGcccGCGGCCGCGGCG	HGGDGHHGHGHFFHDGGHHGFGGEFFEE?CC	C	18	G	13	12	13	6	0	0.02754
16	88785924	C	109	CCGGGGCCGGCGCCCGCGGCcGCCGCGCcGCGcgcGcCCCGCCGGGCGGGGCCGCCCGCCcCGCcGCGGGCCCCgcgGGCCGGGcGCCGCCCcGGCGcGGGGCGcCCCG	??GHGHAEHHGHDDEGEFGDG9FGHFGEGHGHGFGHGGGAGGE@HCDCHGBFDGFFFGFFGFGFFDDGGGFFFFGF@FGFFGGGGGFFGFFAGFGFGGGFFCEDBBBC@	C	59	G	50	47	47	12	3	0.04847
17	1798307	A	107	GAAAAAAAAGGAAaaAAgAGAAGAaaAgGaaGGAGGGGaGGgGGAGGAagGaAaaGgAGaAGaAaAaGGAAGaAagGAAaaaAAgGAAGgaGGaGAaAGaGGaaGga	@AAEFFFDFEEFEDDDFACEFFDFDDFFEEEEDE<E@EEEEGEEFEEFDGDEFEEDGEDEEDEEEEEDDEEDEECGDEEEEDEEGDEEDGECCECDDCB?@><@CDB	A	63	G	44	36	35	27	9	0.02182
17	7225149	C	203	gcCgGgGgCCggCCCGCcCgcccCcgcGGGGgcgGCggcgGCGcCGgGCGGcgGCCCCGGCGCGgGCCcgGGgGCgCGGGCggcCcCCGcCGcgAGcCCgCGCGgGCCGcCgcGCCgCGCCCGggCCGCCCgCGCGgCGGgGCCcgGgCCCCCGGGcGCCCGgCGgcCGCGCCgGCgGGcgCGGGCGgGGCgGCGGCCCGcCG	CB<C;CCFDF@DFFGEEDDFDDDDDED@EDEFDFEFEE?DEA@CFC<EGAEEEDEGGGE9E@FDGEEFEFDEFEF@EEEEGGFEGAGGEEFEDGFEEAEGAEFEFDGDDEDGEDFGFFD8FFDGGDEBFEEFEDEDFEDDGDEEFHDFFFEEFDDDEDFEFDFFDGBEDEDEFFDFGDCEFFCCCDDGCDFGCECCFDCC@BA	G	105	C	97	65	73	40	24	0.04942
17	7453505	C	98	ACCACCCCaaCCCAaCcCcaCAccaCacacCacaCAcCaCCcACCcCCCCAcCACaCCAAcccCAcCCCCaCCAcCCaCCCaaaAACaACACAcCCCA	C@A:DGG=DDGGF?DFGFGEG<GGD6CHEHFEGEFFHFEGFGFGDHGFGFEHGBE<FFEFHHHFEHFFFEEFEEHFF;EFFEEEDDEEDEFCCC>>A?	C	63	A	35	46	18	17	17	0.04576
17	8051639	A	65	AAagggggagAagaAgaaggagagaggaaggaaggagggggagggaaggaaaggagggaagaaag	A5BCEEFEEFCBEEHFEEFEEFDFEEADEEDEEEEEGEFFGFFGFFFFGFBFEGFCGGGFEFFDA	G	35	A	30	0	4	35	26	0.04048
17	9479098	C	28	ACCCCCccAcCAAAcAcccAACAACCAA	GCDEDDEE5EDHHDEGDEEGDCGFCCGD	C	16	A	12	9	12	7	0	0.01033
17	9791159	G	102	GGGggGgggAAGAgGGAGGggAgAGgAGgGGGAAagAAAGAggAaagggGgaAAAGGgggaAgGAGagggGgaAAagAagGGGGaGAAaAgAgGGgAGAAaa	9A<BEAFFFHH>HFBCHCCFDGFH>FHCFCCBHADFHHH;H;GHEE>GFCGEGEFCBG<GCGG?GBFEGG8GCGDBGGEEBBBBEBGGEGEGGBBGFCCC:>	G	60	A	42	29	29	31	13	0.04407
17	16323589	C	119	CacCAaCCCCCCAcCccAAAccCCAaAcAAAcCcCCCacCaAcccAacCACCacacAAccccCccccccccccccccccCcCcccccCCcccccccccccccccccccCCccccCcccc	DBCBCCEFFEEEFFGEEEFEFFGG<EFFFFFFFFGFFF9GEFFFFFFFGF;EFEFFFDFFFFFGGEFFFDGGFGGGGGGGGFGFGGAFG=GGGFFFGGGGFFGGGFGGFEGGGGEGFA?	C	96	A	23	27	15	69	8	0.00138
17	21194843	T	152	TTcTttTTTccTTtTttttTTttTTttTtTttttTTTTtttttTttttttttTtTtTtTTCTtTTtccctTTtccTttttTTtCtcctctCttcTTTTTttTCTTtTttcTTTcTTctcCtttctTTTTtttTCTTctTtctTttTtTtTTt	A?D?@ACCCEEGGDHDDDDGGDDGGDDGCGDEEDGGGGDDDDDGED9DCDDDGDGEDDD=DGEFGEHHGEFGEGHGBEEDGGEDEHHEHED>EEFGEEGEEFCFFEFD79FFFHFFHEHCEEEHEFFFFDDEFCFFH>FEH9EBCEEFBDCB	T	127	C	25	60	6	67	19	0.04573
17	25909816	C	47	tcctTttCttctCtcccCCCctCtttttTtccTTCCCTTCCctCCCt	BAAEFAE@DEDEGEDDDG?GDECEFDEFFEEEFEECEDEFEEFFFC=	C	24	T	23	14	6	10	17	0.03921
17	27613677	G	134	AGGGGaaAAaGgaGAAGAaGgGagaAgGAGggaAAagaaaGAGggAgaaaaGAaGGagGGagagAAGgGagagGaaGgggGGgaGagGgagggagaaGaaaGgGGggagaGGGaaGaaaGGaAGAGgaAAagGG	BEEDACDB>FFCFFEEB>FHCHFCFACGEHCCFEF<CFFFBEECCEBFGGFHEAGGFD@HGDGDEEHDEGDGDHDGHDDDHHDGHFDHDGDDDGDGGGGGCGEGGEDGDGFFGGGGGGGFGGDFBFAA7@A<B@	G	72	A	62	40	19	32	43	0.00513
17	39406299	A	95	aaaAaAaaaAAAAAAAAaAAAaAaaaaAaAaaaaaaAaAGAaaAaAaaAaAGaAaAAaaaAaGaGGAAAaAGAaGAGGAAAaGGGaGGAAAaAGG	CB<FDGCCCAGHHHHHH:HHHDHDDCCA:GCDE9EEHEHCH;EFEHEDGEHCEHAEHEEEHEBEBBGGG@GBGEBEBBEGFDAABDB?FDE=CA?	A	79	G	16	40	16	39	0	0.00012
17	40001580	T	122	TCtcctttcttCtttCCcttctCttccCcTTTcccCtccttTtCTCtctctctCTCttcccttCCtcttCCcTtctCCCcccCCctcTTtCCCTTctTTCCtCcCCTctTCctCTTtCTCCt	?DC??AACBB>ABC6CCDC?FFGDEFEGFGGGCFFGEEFEEFEEGGEFEFEGEGGGEFGGGFFGGF6FFEFGFFGFGFFGFDFFGFGDFEFCDFFGCFFFF@FFFFFGFFFGEFE=EB?ACA	C	64	T	58	33	19	31	39	0.04439
17	40714804	C	71	CACCCacaaAAAACCACCaCAaaaaAaAAaCCaaCaaAcACCACAcCCCcCaAAACCAAaACcAAaaacAC	CCGAGEDEE>EDFGGEAFDG;FFE@E@EDFGGFFDFCEEDGFDFDEFFFDFFDCDFFDDEBFE@CEBC?CC	A	42	C	29	23	23	19	6	0.04412
17	41561622	A	29	ttTTTttttaaaaaaaaaaaaaaaaaaaa	CCA;=B@@BGGCFGGGCGGGGGFDC??>;	A	20	T	9	0	3	20	6	0.02299
17	53851228	C	82	tttTCtcctTtTTCtttTtCcTtttCTttCCcTtcTtttttttttCCttCCtcCcTcCtTTtccTTTtccCtCcttcCtCCt	??D:?GABGEG=>GGGGEFGBEGGGEEGGGECDGCEGHHHHHFGDGGHHGFHBFCBCFHDDGCB@DDHCAF6FCHC@FFGB<	T	51	C	31	15	17	36	14	0.03495
17	71357983	T	95	ctTtCtCtTttCTCcTtttcCcCCcttttctCcctctCtCCtCttCtCCTctctccctccccCTtCCTcCtttcttTtccCctccccttccttcc	CCBB<B?DFEECGCDHBEEBDDDDDEEEEDDDDDEDE?DDDEDDEDDDDGDEEFECDCDAEEDGF>DGEDFEFEFAFFEECEEEBEEFCEE9EEC	C	51	T	44	20	8	31	36	0.04125
17	72956124	G	138	GAGgAagGAGAagAagGgAaGgGggGaaGagaAGgagaaaaGaAAGGaGaGgaGGAAAaGaaGaGaGGGGGGaAAAGAGGGgggAAGgaGGGagaaAGggaGgaAaAGGAaGgaggAGGGGGAGAgGAgagggaaaag	@C=CCA?=B>DEDHEBCCHFCCCCCCFFCFCFFCCFCFFFFCDEFCCGCFCDGCCFHHE@DFCGB=ACCCCCFHHHCHBC5DDDHHADGBBBGCGGGBDDGBDEGGGBBGGBDAEDGB@BBBGBGDBGEGDDDFDACA	G	75	A	63	46	26	29	37	0.02595
17	73517536	G	134	GgGgAGAGGGAaGAAgAAGGgGGGagAAGAaggaGGAGagGagGAAgGGGAAGgAgGaGagaagGAgAgAGAggAGAgAAGAAGaGGAgagAAAgGGgggAAAAgAGaAggggaAagGgggAAGaAGggGAaag	7C?C?CHCCACF<HGCHHBCFDCCCFHHCH@FFFBBHC7FCEGCH>GBCCGB@GHGCG@8FGGGCHEGGHCGGG>CFGEGBEGBGBBGGFGGGGH<BGGGGGGGGGBAGGGGGGGFFADEDDB=?C>9???D<E	G	75	A	59	38	41	37	18	0.03420
17	73626983	G	72	GGCgGGGgGCgggggCGgGgGcggGCCgGCGgcCCgCCGCGgGCggcGCCCgcGCgCCCcgcggcggcCcgG	DGEB=GFFBGFGFCFGGFFGGEGFGGGFGGAEEGDGGEGFFGFFFEDFFFFFEF<GFFAEFEFGDEC?B@@C	G	43	C	29	18	20	25	9	0.03127
17	79409710	G	79	aGgaaaaGAaggAGaaaaaaAAGagAaAGaAAGGGgGgGAGAAGAGGAGGGGAAGGAGgGAaGAGGGaGGAGGaAAAaA	?@?BDEGGFFCCEGFCFFFFFFGFCFF?FFFFGGGCFDGFFCFGBF>FGGFFFEFFEFDFEGFEFFFGFEEEFGDDB7?	A	42	G	37	23	30	19	7	0.01681
17	80352303	G	124	gGgaaAgAaGaGGaAgaagggGaaAgAAggAAgAAggAgAGAgAgaAAAAAgagGagagGGAAAGagagaAaGaAaAaaaAaAggAgAGgAAGaAAAGGAGgAAAgGgAgagaaaaAgagaAGg	>?FEEFDFDEEEDEFFDEEEEDEEFEFFEFF9EEFEFFEFDFFFEEFEFFD6ECEEFEGEAFFEEFFEEEFE?FF;FFFFEEEGGEGEDFEEDDEDEDDEDFEEDEDFE=F?EF9ECBA@AA?@	A	72	G	52	41	18	31	34	0.01795
18	21531522	A	37	ggGGAgAAAGgGGAAAAAGAGAGAAGGGGGAAAAAAA	CBEEFCBFFED?E@FEDECEDDDBD>DDDDEEECCBB	A	20	G	17	20	13	0	4	0.03604
18	21739725	T	114	tttCTtTTcctttCcCtCtcCTCCtTtTctcccCTTCTTCCtttTCttctTcCcCTcttTCCTcCTtTCtCCCCtttCCtcCTCcCCcCTCTCTtcTtcCtTCCtTTTcctCCt	CBB<DGGGABGGGDBDGBGB@GECGGGGBGBBBDGG>GGDDHHHF@@HBGDCDCDGCGHGDCGCCFHGBHCCCCHGGCCHCCFCCCCDCFCFCFHCFGCCHF>BHEFF??A??B	T	58	C	56	26	36	32	20	0.04097
19	1036444	G	26	gaGggaggAAAAAAAAGAAAAAAGAG	CCCCCECDHHHHGF:GBGGGHED@E>	A	17	G	9	15	4	2	5	0.02828
19	1036456	C	28	gcGggcggCCCCCCGCCCCCCGCGCCCC	@ECFFDFFCDDDDCBCCCCCCBCBBCBC	C	19	G	9	17	4	2	5	0.01958
19	1036468	A	34	gaggAAAAAAGAAAAAAGAGAAAAGaAGAAgAGA	BBFFCFEFEFBFEDFEEDACEEEEDCDCFEED>A	A	24	G	10	22	6	2	4	0.04775
19	1116117	C	38	CCCtCCtCCTTtcCCcCTtCccCccCtCCcctttttcc	BBFEFGEFF?DGAGGBFFBECCFB==@FGCBGH:GD7;	C	25	T	13	15	3	10	10	0.04342
19	2732986	T	96	tccTTTCcctTTctCctcccCCTTcCcCcctTTTTTtTTcCTTttcCtTTTTTTCTTccTTTCTcTctTCtTTTcCtTTTttTtttCttcTTcCTC	C@C??<CGFCEEGDGGDGCGG=DEGGBGGGDE?EEDDAEHAD9EEHFBEE@EE;GEBHEEEEGCHDH@DFEDDDHFEDDDCDDEEEFEDHDD9B@C	T	59	C	37	40	15	19	22	0.01122
19	5215472	C	48	cctctcccTccctccctcTttcctttcCCtCTTTccctTTTTTCTTcc	AAACCDCCFDDDEDDDEDEEDDDEEEDGFBFEFEEEE:EEEEEFEED>	C	25	T	23	4	12	21	11	0.01349
19	5867177	G	52	aaagAgaaaagGgaAaGaaGGAGGAAAaGGGgAGAGAAAaGGaagaGGaAAG	??DCHCFFFFCCCGHFCG=BBHCCHHGGBBBDGBG>FGGDBBGH?GBAEECA	A	30	G	22	13	16	17	6	0.04932
19	6833777	A	67	gaaAagAaAggAaaAaagaggGgAggAAggAaaAaggaGAAaAaagggaagaaAaaaGAgAagaAaa	CDFEEEGDHFDHEEFBEFEFECFHEFHHEFHEEHEEEECHHDHFFGFGFFGFBGF@EBGCFDD:?CC	A	44	G	23	17	3	27	20	0.04759
19	6960200	G	41	GGGAGGAGAAGAAAAAGAAAAGAGgAAGGggAAGgAGgAGG	@CCH5CHCHGC=EGHGAGGGGBGBEGGBBGGGEBGFAE@=?	G	21	A	20	16	20	5	0	0.04784
19	7593169	A	84	AGaAgGgaAgaAggggAaAGAAggaagaggggaaAGgaagAaaagaAgAaaaggaggagAaagggggagagaggggaaaagaga	>>B;B=BC<DECFFFFHEFBHCEFEEFEEEFEEDH@FDDEHEEEGEHFHDEEGFDGGBDHE=GGGEDDG:GEFFGGFECFED@=	A	44	G	40	13	4	31	36	0.03154
19	9296664	T	39	TTcCTccccccccTCCTTTCTTcTcCTTTtTCCtTtCcT	EEBGEBB@BBB?CEGEBEEGCE<D=FDDDHDDFHCEB=A	C	20	T	19	8	16	12	3	0.00791
19	11105608	T	155	TTccCctccCCTcTTctccTTTttTtCCTccCCctTCCTtcTcCtccCCcTCttcctccTtccCtTCCCtccTtccCtTtccctTCTCctctTccTCcTtTccTtctTcTCTCTcTTTTttCTCcTCCtcCTTCtcTTTttTtTtCTTccTTtCt	BC?C;:C=?FBCCEFBFAAGGGGGGGG@G@BGFBGGGGGGBGBGHCCFGBGFHFBBFCCGHCCDHFGGGHCCGGCCGGGHCCBGGFGFCH>HFCCFFCEEFCCEGCHFCFFFFF;FFFFHGFFFBFFFHAEEEFHAEEEHGDDBC@AB>;?A=?E	T	79	C	76	46	31	33	45	0.03697
19	11170585	C	34	cttCcttCtCtctttCttCCcTttCtCCTTCCtc	?FGGGGGDGGGBHHHGHHGGCEHHGHFFEFFC;6	T	18	C	16	3	11	15	5	0.00447
19	15133762	G	374	GcCGGCcgcCcGGgCCGccGGGgCCCCgcCGCCCCGGCGGcCCGCGCGCGgGGCCGCCgGGcCgccCCGGCGCCCcCgCGGCCGGGcgcGCccGCCGGgCGCGcCCgggCCGCCCCCCCcccCGcggcGGgGcgggcGGcGgGGcCCCGCcCGCCGcCGcgccgccgcCGCGGCCCCCgccGCGgCGCCCggccCGCccgGGCCCGgGCGCgcCgcGcGGGcggccCGCcgCGGggGcCGGGgcggGcccGgccCGGcCCcGGCcccCGGgcgCcCGGcgcGGGCcgcCcccgcGCcCGGCGcccccGGGgccgCGCCCGGgcccggGCCccCCcggcgccccCGgGggcgcgGcCccGGgccgcGGGGggccc	BC9<<?>9A<>CCDBEGDCFGGDGFDGECGEGGGGEGFBCD=EGGGGGEGFGGAGF=BAHAC<FDDGDGDGGEFFDGEGGGGGCGGDFDGGEDGFGGGFGGGGEGGFGFFGF>7AGGGECEEGGEGFEGG;FDFFFEFFEGFGGEGGFGGEGFGGGEGGEGEEFEEFEGGGFGGGGGFEDEGGFGGGG=DGFDEGGFEAFGFFFEGGFFFFFDG8CGEFFFEEE;EFGFEFAGFFEFEFEEFFEFDFEEEFGEEFFFEFFD:F<E@DFEFGFFFE@FFEFEF=FFEAEFBEEFEFF?FFFFFECEDDFFFFEEFDFF@FFFG;E;GFFD8EBFAEGFEFEEEEEFFFEEEECFGCC?BDC@@@A>?CBB>>=B@	C	205	G	169	106	107	99	62	0.02763
19	15918177	G	119	GGTGggggggggGGgggggGggggggggGGGGgTTGTGgggggGggggTGGGGGgggggGGgGggGGGgTTggGGGGTGGGTGgggGGGGGgGgGGGGGGggGGgGGGGGGGGgGGGGG	B@>=>BBABBDD8EDFDEEEBEFEFEEFCEEDEFFEFEFFDFDEGFEEFEEEEEGEGG:?EFAGFEEEGFBGFECDEEDDDEAGAFDDD=DFDECADDDDEGDDFDDCDCDDDD@>BBA	G	110	T	9	59	9	51	0	0.00989
19	17362526	A	63	aagggaggaaggggggaagAaaaaaaggaggagggggAggAagAgaAggaggaaagggggaag	CC?@@DCCFFBBCCCCFFCFFFFF@BCCFCCF@CCBCFDCFGDECEF;DGADGGGEDCDCFC?	G	35	A	28	0	5	35	23	0.01398
19	18377496	C	338	CGCccgGGGCGcCGcCCGGCcGCGGGCGGCggGCCCCCcCCGCGGGcccGGcCcGccGCccGcgCCCcGGgCGCgcGCGCCCcCgcCGCcgGGCCCCCcGCGGCcCCGGGcCGGGCccggccCGcgcGGccgcGccGGcgcgccCCGggCccgCGcggCcGCCgcGCGGccgccCGCcggcCggCGGcGGGgGCcgGcGcgCCCCGCGGcgcCgCCCggcggcGggCGccgcGGgCCccccGCCgccggGccgGCGCGGGCGcGcCGGCGcgggGCccGCgcgCGCggcCCgcGGGcccCccGCcgcggcgccGcGGgCGGccGGCcCCcGGGcgGGg	DCBBCAA@@:ACCCDEFFFFEGGGGFE=GGEFGGGGDGFGGGGGGGFFFGGF7FGECGGFFEFFGGFFGAFDGGFFGGGGGGFGFBGFGFGGGGGGGGEGGFGFFGGGGGGGGGGGGFFFGFGGE<EGGEGGFGFGGGGGGGGGDDGGGFGGGFFGEGGGGGGGGGGGGGGFGFGGGGFGDGGFGGGGGGGDGDGGGGGGGFDFEEEGFGGGGGAGEGGGEGGFCGFFGGGGFFFFFGGGGGFFGGGGGFDGFEFFFFFFFFGFGFFFFFGEGGFFGGFFGGGF@FGEGFAGG:FFGGGFGGEBGGFGGEGEFEEGGFBDACDCCCB<BA?CBB?ACD	C	181	G	157	88	100	93	57	0.00611
19	33355055	A	110	AGGaAgAAaAAgGAggAGGaAGGGAAGAGAaGAaaaAGAGaaAAGGGaAaaGGAAAGGGAAGagGaGAGgGAaGaaGaGGaaGgAggAgAGGGGaaGGaagaGGaaaaag	@>CEHEGGEGHECHFDHCCEHCCCH5CHCEFCHFFFHCFCEFHHCCCFHEFC=;HHBCBGGBEGBF@GBGBGFBFFBDABFE@FGGFFEFAA@AFE??AA::===BBCBE	A	59	G	51	29	39	30	12	0.00556
19	38282727	T	59	TCTtCttttcTttTtCtttCtTtctcCcTcCTCtCTttTCtCTTTttttCCTCtccTtC	D>EEGEDEEDGEE7EGEDEGFGEDEEGEGDGFGFGG<FGFEGEFFFFFFFFFE9BAC>@	T	38	C	21	14	14	24	7	0.03365
19	39372244	C	57	cGgcgcGGgcGcgcccGGggcccgGccgggcgccGcggcgccgggggcgggggccgc	@:CEFFGFFEGFFEFFGHCFFFFFDFGFGGFGGG:GGGFGFGGGGGGGGGGFGFG9@	G	33	C	24	8	0	25	24	0.01576
19	41932084	G	192	GTGTtTGTTTtgttTTgttgGTtggTGgTTTggGgGTgGGtgggGggGTtggTtGTTtgggTggTgGgggtGGGGGTggTgGTTgggtGgTTggtgTTGTTTgttTgGGgTTTGgTgggGTtTtgggtgTTgtTGTtTggTGGtGTtGggGTttGtggTGGGtGGTgGgGGgtGTGtTtGgttGgtggTTGG	CAC:@AFEFEFBCFGGB@GCGGGCCEGCGGGCCFCGGCGFGCCCG?CGFGCCHGGGGGC=CFCCGCGCCCGGGFGGFCDGDAG;CDDHGDDFADHDGCGGFFDHGGDGFDGGGADFDDD>FHFHCDAHDDFDHFFFHDBC<CFIFFHFDEFEHGFHCDFFFFHFFFDFDEFDHEFFHEHEDHHF@DD<AAA@	G	107	T	85	46	52	61	33	0.01386
19	46094597	G	225	aAAAGGGAGgGGAgAGAAAAaAGGAgggaAGGgGAAAAaGgAGgAAAggAgAAGgAGgAGggaAaGAAgAAaGGgAGGaAGGgaGagAAAGgggagGaGGggaGAAAGAGAgagAAAgAAaggGGAgGAgaGgaAAggAaaggagGGaaAGAGGaaaaAgAAGGggAaGGagggAaGggaAAGaaGaagaggaggaAAgGGggaAGAgGgaaAagGAgggAGGga	C?@@>BBAACCCBDEEDEFFEEGGFFFFEEGGFGFFEEEGFBGEF?AF?@DGGGFFFFFGFFEFAGEEBBFCFFFEGGFFGGGFFFFFFFFGEG@FGFGFGFFGFFEGFGFFFGFFEFFFCGGGF>FGFFFFGEFFAEEFFFFAGFFFAFFFG5@FFEEGEEBFGGEFFFFGGFBFFHGEEEFEEFFFFFGGFFEEDE?FFGGCEF@FFGDCDFFEEFBBBCBCC	G	116	A	109	55	67	61	42	0.04446
19	49868959	G	116	tgGgGTgGGgggGTgggTGTGGtGtTggTTTggTtTgGTgGTtGGGGGTgGgTGgTtTGtTTGTGTgTTTTTGgTGgTgttTGTTtggGtttTGTTtggGTTTTgtgGGGgggTGt	AB>B@GFC@FEECGFEFECGCCE@DGEF>GFCEGEGECGECGDCCCCCGFCGFB=GFGAFF@CGAGGDFC<FBFFBGF>FFCBCFFGFBFF@FBFF?GFBFFCF<FGAABEEC9AB	G	62	T	54	31	38	31	16	0.03670
19	56413532	G	133	AggaGGagaaGagaaagaGgagaaGaagGAaggggaggAagaaagaggGgaaagagaagggggagaaGGaggaggaagagGggaaGggggggagaaaggggaaaaagGaaaggaagGgagagaggggggggaG	ACCC@?BBBDCDFGE;EEGEEFFFEFAFGFFFFFFFFFFFFFFEFFFF?CFFFFEFFFDFFFFFFEEGGBFFFFFFFFEGFFDEGGEGFFGGGGGEGGGGGGGGGEGGGFFGADGGGGGGGGFEGGGEGG8BC	G	75	A	58	14	3	61	55	0.03375
20	1895705	C	64	CCCCCCCCCCCcCCCCCCcCCCcCcCTCCtCCttCCctcCtcTtCcCcCCtCcCccCcCCcCCc	GGGGGGGGGGGBGGGGGGCGGFCF?GEFFHFFIIFFAHCFHAFHFCFCFFHFCFBCF>A?>@?>	C	55	T	9	40	2	15	7	0.00584
20	32245789	T	46	cccccCcTcTCcTTTctTccTCctTCTTtcTttctCTtccctTctt	AC?BAF=FAFEAFAFCG;C;FFCHFFFFHCFHH6HFCID@CHECA@	C	23	T	23	5	13	18	10	0.03311
20	43252915	T	56	CCtcCTtCCcCtCCCTttttccttCtTtttctcttttctCCccctccTccttctcc	=>@ECEEADGCDDDDGDDCDGGDDDDGDDEGDHDDDEHE>DHGHEEHFHHDEHDB:	C	29	T	27	12	4	17	23	0.03922
20	43837303	C	141	CTTctctTtcCccccctCTCccttCttcTctttCcccCTCCtcctcCCtCCTCCtctCctctctctCccCCtcttttTCtccctcttTtctttctCccttcctcttctttctcccctctcttctcctCttttcctcccctc	=CD?CC??@=:@@A@AEBFFB@GGGFGAGBGGGGBBBGGGGGBBGBGFGGGGGGGBFFAGCGBGBGGBCDGG?GGGGGGCCCCHCH9FHCHHHCBGBBHHCCHBHHCHHFBHBCCCHCDCHHCECCHFHHHH?BHCCB@C7	C	77	T	64	22	9	55	55	0.04304
20	47258763	C	242	ctTccTTCTccTCCCtccTTtccCTTcCTTTTtcTTCTCTTccCCccCCTTTtTTTccTtCctccctccctcccTTTtTTtcccCccCttCTccCTtccttcTTTctCTtttTCtcTcttCCCCCttcTcCCtcTcTCCTctTctTTtttCcttTTctCtTcCTcccttcttCccccCcctttTccTtcTtcttcTtcctttctccTttcCtttTcttcCcTcctCtccctTCtttCtttct	A?@??BBB=BEFFEFEEFGGEEFFFGFGFEGGEFGGGFGEGFFGGFFGGGGFEGAFFFGEGFEFEDBFFFEFFFGGGEGGDFFEGFFGEEBFFFGG@EFFEEGGGGFFEEEDGGFGG>EDGGFFGFFGGGGGFGFBGGGGGFGGF8GFFFGGFFGGGFEFFGGFGGGFFGFEF<GFGFGG?CEFGFEFGFFGFFGFEFGFEDGFGGFFFGFEFEFGFEGFFFGGFFFGDDFFFEDECA@?@?	T	125	C	117	57	38	68	79	0.04796
20	47273726	C	118	cTccTTCtcCCcttTcTCTTCtcctctCcTCcCCCTCCTtTTTCccTCTCCTCttTtTttccTTTctcCTCTCccTTCttctcTCttTTctcccTCcTcTCcccTctTTTCcTTTtTC	>;9BFGBEDGGDEEGCEGGGGED8CDEGDGGDDGGGGGGEGGDGEEFGFGGGFFFGDFEBEEG@FEFEGEGFFEEECDFFEFEFFFFFFEFEEEFFCFEFFEAEFEFFDFF>ECDBC?	T	60	C	58	39	26	21	32	0.04131
20	55108538	C	372	CtCCCTCttCCCCCcCCTtTcCCcctCTCcCCCCCCctccTTcTCCCcCtTcccCTCcCcCccCCTCccctctcccctTccccccCTccccTCCCctCTTCCCccctCCCCtCCCCCcctcCCcctcCCCcCCttctcctcCctcCTCCTCCCCtcCCCcctcCCCcctcCctccCtCttCCttCcctctcCCtcccCCCcccccttccCtctTCCCTcccCCCtcctCCCccCCCcCtctCCCcccccttCCCcctccccctcCctttcCttctcccCcCctcccCCccCtcccCCCccCCcCCCcCCccCCCCCcCcCccCCccccccccccccCCcccccCccCcccccccccccCcccCccccccccc	DA@B@B>ACB??@;ABAACDDAEDDEGFGCGGEGGGCEDDGADGGGGDGEGDDDGGG:GDGDDGGGGD@DEDEDDDDEGDDDDDDDGDDDDGDFECEHHHHHECCDDGGGGEGGGGGDDEDGGDDEDGGGDEGEEDED>DDGEED<GGGGGFFFDDGEGEEFCGGGECECGEEDDEFGEEGEEFGEEFEDDGFFEEED;GEEEEEBFEEFFEFGGFGFEEDGGGDEEEGGGEEGGGEGFEFGGGEDEEEFEGGGDDFCE9EEFEGBFEFDGDFEFEEEGEFEFCEEGG@DFFADDFGF9EFFEFFFEGFEEFFFFFEFFAEEFFEDEEEEEEEEE;FFEEEEDFEEEEEEDD=DDCACCAAAC@?9>==B@B	C	301	T	71	134	19	167	52	0.00713
20	61987822	C	133	CCCtctCTtTCctTCctTCtctcTCCCCCCTtctCCtttCCtcCCctCCcttTTcctctcCctTctcctcctctttttccccttctctttcCttttctctctctttccctccctcttctcctccccctcctcc	AA@CBA?ABEBEEFCCDFCDDED<DDDD?CGEDECEEEEBDDDDCDEDEDEEGGCCEDED7DE=DEDEEEDECFFFFEDD9EFFEFEFFF?BFFEFEFAEEEEFEEEEEFEEEFEFF?FEDF;EDEAFEEE@B	C	73	T	60	23	9	50	51	0.04054
21	43523972	G	160	cccgcGcCGCggCccGGCGCgGgccGggCGGcCGgCcggcCccGCgcGgcgcggGcGcCCGGcgGccCcccGGcccGcCggGGGcGccccCCgcCCGGGGcgGccggGgcgGGgCcgcccCGGgCGgcccGccCcgGcgGCCGGgcCGGGCCcCCcgggg	AC?C<C;AGFCBCBBHHGHGCHCBBHCCGHHBGHCGBCCBGBBHGDBHDBBBC=HBHBFGHHCDHCCGCCCHHCCCGCGDDHHHCHCCCCGFDCFFHHHGBD6BCDDGDCCGGDFCDCDDFGGDFGDC@CGCCFCDGCDGFFGGDCDGFGEEBDA8>@AA	C	82	G	78	29	43	53	35	0.01688
21	44323590	T	48	GttGgttGGgtttgtGgTtgttTtTGGtGgGggttttGggGggggGtg	@DEAFDECCFEEEFEAFHEFEFGFGCCFCGBGG@GDFBGGBGGGGBDA	G	27	T	21	12	3	15	18	0.03192
21	45506649	C	43	TTCCCTTCCCCCTtCTCCCCCCtTTTTCCtTCTTtCCTCTtCt	EGFFDFEGFGFGFEEEDEEEFEFECEEEEEEFEDCEFFCB@CB	C	22	T	21	22	15	0	6	0.00890
21	47958657	C	86	CccCtttctCttcttCtctCttttttcttccccCtttCcccCtttcccccttttttcctccTTtcttttCtttctttttcttcttt	D?C?BC;>@CDFBGFGGBGGGGGGGGBGGABBBGGGGGBAAGGGGBBAB<HHGHHHCCHCAGGHCGFCHFHHHA6FIHGBHGCHFC	T	51	C	35	2	9	49	26	0.00603
22	19119589	G	127	gaGGgAAAAAagAGGAAAGgAAAAggaAgAAAggGgGAgAgGggaaGAaGAAGaAAgaGAAaGAGgAGAGgAGgaaAAGAggGGAAgAGGaAAGGGaAgaaAgaggAAaAAAAGgAaGGGAAGgaAa	>CACB>FHHH?FACCH8HCFHHCBFFFGFHHHFFCFCHDHECGGGFCHDCFH;GEHGGBGFGBGBGFBFBEGBGGGGGBDGGBBGGGGBBGGGBBBGGGGGGFCGGGGGBECFBGGEBB@DC=@@?D	A	70	G	57	50	30	20	27	0.04170
22	19486600	C	84	TCTCTCCTTCTTCTCCTTCtccCTCtCTCTTtcTCTCTCCtTtTTccCCtTtCCCCttCCtCtCcCTtCTCtCCCCCCtcCCtC	CDFBFGGFFGFFGFFFFFFFGGGEDFFFGD@F@FEFDEEGFEFBEGGEEF>EEDF:FFFDEDFEGFDEEDFEFEBBBB>A>B>?	C	46	T	38	39	23	7	15	0.01419
22	22424857	G	25	GAgAggAaAAagggAAggAAaaaga	AHCHCCHFHBFDDBFHDDHHFGF>A	A	15	G	10	9	1	6	9	0.01772
22	23631639	T	59	CcCCTTTCTTCcTTCCTCTCTTTTCCTCTTcTTcCTTTTTTCcTCTCCctTcCTCCCTT	FBGF=FFGEEFCFBGFFFFFDAEFAFEFEE<EECFEEEEEEFCEEEEECHDCE=BBAAC	T	31	C	28	30	21	1	7	0.02151
22	30733111	C	31	aaCcaCCcCcaaaaccCaccaaccaCcaaaa	C@BFDFFGFGDDDDFGFC8G;EGHDCEFEEE	C	16	A	15	6	0	10	15	0.01767
22	36545826	T	74	CCCCTTTTtTCtTCTtCCcTCcCtTCTTTTcCTCCTCCCTTTtTCCCTCCCCtCCTtTTtCTCCtttTtttTTc	GGGEHGGGEGG>GGDEG=GGGGFEFDEEEEGFDFFFFFCFEF=FFFFFFFFFBFFF<FFEFFFFC>EG@@=AB<	T	41	C	33	27	29	14	4	0.03265
22	36919375	G	151	GGGccGggGcGGcCcGGGgGgCcggcggGgcGGccgccGgGGcCgCcccgcCggcCCgGGgccgcGgggcgcgccggGcccggcGggcggcgcGccGgccgGGcGgGccgccccgggggggggcccgccgcggcggggggggggcgcgggg	BBBCC@AABDDCDFDDDDEEEFDFEDFFEFDEEDDEDDCEEDDG?FDDDFDGFFDGEDEEFDD9DEFFDDDDFDDFEEDDDEGEEGGEFDDFDE9EAGEDFEEEEFDEEFEEEEFGGEGGFF<EEEGEEGEGGCFCGGBGGGGFDGEAEAC	G	92	C	59	28	7	64	52	0.00986
22	38025640	G	36	gggGaaagaaGaggagGaagGGaaGGAGGagggaag	??@BDEBE?EGEEEDDG=@EGGEDFDFGGCGGADEE	G	21	A	15	9	1	12	14	0.02447
22	41747717	G	38	aagGaaagGgaaaaaaGaagaaaagagagaagaggaag	DECFEFFCGCFFFFFFEDFCFFAGCFDFDGGDGDBBF=	A	24	G	14	0	3	24	11	0.04315
22	44285765	A	40	ggaAAGaGAAgaggAaAAAAggAGAAAgAagAAGAGAgGG	CCFHHCFCHHCGCDHFHHHH=DHB@FHDGGDGGBGBGC>C	A	23	G	17	18	7	5	10	0.02351
